4 	 0
235 	 0
237 	 0
239 	 0
472 	 0
474 	 0
476 	 0
707 	 0
4 	 1
169 	 1
235 	 1
237 	 1
239 	 1
458 	 1
472 	 1
474 	 1
476 	 1
707 	 1
4 	 2
169 	 2
235 	 2
237 	 2
239 	 2
458 	 2
472 	 2
474 	 2
476 	 2
707 	 2
4 	 3
235 	 3
236 	 3
237 	 3
238 	 3
239 	 3
472 	 3
473 	 3
474 	 3
475 	 3
476 	 3
520 	 3
621 	 3
645 	 3
707 	 3
0 	 4
1 	 4
2 	 4
3 	 4
4 	 4
235 	 4
236 	 4
237 	 4
238 	 4
239 	 4
472 	 4
473 	 4
474 	 4
475 	 4
476 	 4
520 	 4
621 	 4
645 	 4
707 	 4
708 	 4
709 	 4
710 	 4
711 	 4
11 	 5
17 	 5
23 	 5
29 	 5
35 	 5
41 	 5
47 	 5
53 	 5
59 	 5
60 	 5
61 	 5
67 	 5
73 	 5
79 	 5
85 	 5
91 	 5
97 	 5
103 	 5
109 	 5
110 	 5
333 	 5
648 	 5
11 	 6
17 	 6
23 	 6
29 	 6
35 	 6
41 	 6
47 	 6
53 	 6
59 	 6
60 	 6
61 	 6
67 	 6
73 	 6
79 	 6
85 	 6
91 	 6
97 	 6
103 	 6
109 	 6
110 	 6
333 	 6
648 	 6
11 	 7
17 	 7
23 	 7
29 	 7
35 	 7
41 	 7
47 	 7
53 	 7
59 	 7
60 	 7
61 	 7
67 	 7
73 	 7
79 	 7
85 	 7
91 	 7
97 	 7
103 	 7
109 	 7
110 	 7
142 	 7
152 	 7
317 	 7
347 	 7
366 	 7
421 	 7
534 	 7
707 	 7
11 	 8
17 	 8
23 	 8
29 	 8
35 	 8
41 	 8
47 	 8
53 	 8
59 	 8
60 	 8
61 	 8
67 	 8
73 	 8
79 	 8
85 	 8
91 	 8
97 	 8
103 	 8
109 	 8
110 	 8
142 	 8
152 	 8
317 	 8
347 	 8
366 	 8
421 	 8
534 	 8
707 	 8
11 	 9
17 	 9
23 	 9
29 	 9
35 	 9
41 	 9
47 	 9
53 	 9
59 	 9
60 	 9
61 	 9
67 	 9
73 	 9
79 	 9
85 	 9
91 	 9
97 	 9
103 	 9
109 	 9
110 	 9
249 	 9
250 	 9
611 	 9
11 	 10
17 	 10
23 	 10
29 	 10
35 	 10
41 	 10
47 	 10
53 	 10
59 	 10
60 	 10
61 	 10
67 	 10
73 	 10
79 	 10
85 	 10
91 	 10
97 	 10
103 	 10
109 	 10
110 	 10
249 	 10
250 	 10
611 	 10
10 	 11
11 	 11
17 	 11
23 	 11
29 	 11
35 	 11
41 	 11
47 	 11
53 	 11
59 	 11
60 	 11
61 	 11
67 	 11
73 	 11
79 	 11
85 	 11
91 	 11
97 	 11
103 	 11
109 	 11
110 	 11
168 	 11
272 	 11
321 	 11
10 	 12
11 	 12
12 	 12
13 	 12
14 	 12
15 	 12
16 	 12
17 	 12
18 	 12
19 	 12
20 	 12
21 	 12
22 	 12
23 	 12
24 	 12
25 	 12
26 	 12
27 	 12
28 	 12
29 	 12
30 	 12
31 	 12
32 	 12
33 	 12
34 	 12
35 	 12
36 	 12
37 	 12
38 	 12
39 	 12
40 	 12
41 	 12
42 	 12
43 	 12
44 	 12
45 	 12
46 	 12
47 	 12
48 	 12
49 	 12
50 	 12
51 	 12
52 	 12
53 	 12
54 	 12
55 	 12
56 	 12
57 	 12
58 	 12
59 	 12
60 	 12
61 	 12
62 	 12
63 	 12
64 	 12
65 	 12
66 	 12
67 	 12
68 	 12
69 	 12
70 	 12
71 	 12
72 	 12
73 	 12
74 	 12
75 	 12
76 	 12
77 	 12
78 	 12
79 	 12
80 	 12
81 	 12
82 	 12
83 	 12
84 	 12
85 	 12
86 	 12
87 	 12
88 	 12
89 	 12
90 	 12
91 	 12
92 	 12
93 	 12
94 	 12
95 	 12
96 	 12
97 	 12
98 	 12
99 	 12
100 	 12
101 	 12
102 	 12
103 	 12
104 	 12
105 	 12
106 	 12
107 	 12
108 	 12
109 	 12
110 	 12
168 	 12
272 	 12
321 	 12
222 	 13
235 	 13
262 	 13
527 	 13
222 	 14
235 	 14
262 	 14
527 	 14
35 	 15
135 	 15
305 	 15
471 	 15
508 	 15
35 	 16
135 	 16
305 	 16
471 	 16
508 	 16
24 	 17
332 	 17
600 	 17
24 	 18
332 	 18
600 	 18
52 	 19
112 	 19
250 	 19
542 	 19
52 	 20
112 	 20
250 	 20
542 	 20
52 	 21
172 	 21
211 	 21
268 	 21
296 	 21
459 	 21
621 	 21
686 	 21
52 	 22
172 	 22
211 	 22
268 	 22
296 	 22
459 	 22
621 	 22
686 	 22
107 	 23
392 	 23
690 	 23
107 	 24
392 	 24
690 	 24
137 	 25
224 	 25
669 	 25
137 	 26
224 	 26
669 	 26
277 	 27
480 	 27
277 	 28
480 	 28
704 	 29
704 	 30
71 	 31
130 	 31
183 	 31
211 	 31
388 	 31
543 	 31
71 	 32
130 	 32
183 	 32
211 	 32
388 	 32
543 	 32
103 	 33
385 	 33
436 	 33
557 	 33
708 	 33
103 	 34
385 	 34
436 	 34
557 	 34
708 	 34
161 	 35
402 	 35
481 	 35
664 	 35
675 	 35
161 	 36
402 	 36
481 	 36
664 	 36
675 	 36
570 	 37
576 	 37
579 	 37
570 	 38
576 	 38
579 	 38
219 	 39
219 	 40
81 	 41
81 	 42
372 	 43
402 	 43
537 	 43
372 	 44
402 	 44
537 	 44
45 	 45
487 	 45
45 	 46
487 	 46
167 	 47
438 	 47
595 	 47
167 	 48
438 	 48
595 	 48
3 	 49
154 	 49
166 	 49
219 	 49
560 	 49
619 	 49
3 	 50
154 	 50
166 	 50
219 	 50
560 	 50
619 	 50
16 	 51
303 	 51
599 	 51
16 	 52
303 	 52
599 	 52
88 	 53
129 	 53
196 	 53
264 	 53
281 	 53
702 	 53
88 	 54
129 	 54
196 	 54
264 	 54
281 	 54
702 	 54
55 	 55
56 	 55
175 	 55
176 	 55
295 	 55
296 	 55
368 	 55
415 	 55
416 	 55
434 	 55
535 	 55
536 	 55
655 	 55
656 	 55
703 	 55
55 	 56
56 	 56
175 	 56
176 	 56
295 	 56
296 	 56
368 	 56
415 	 56
416 	 56
434 	 56
535 	 56
536 	 56
655 	 56
656 	 56
703 	 56
104 	 57
111 	 57
184 	 57
187 	 57
357 	 57
429 	 57
104 	 58
111 	 58
184 	 58
187 	 58
357 	 58
429 	 58
40 	 59
170 	 59
537 	 59
40 	 60
170 	 60
537 	 60
42 	 61
229 	 61
302 	 61
418 	 61
480 	 61
513 	 61
559 	 61
42 	 62
229 	 62
302 	 62
418 	 62
480 	 62
513 	 62
559 	 62
73 	 63
127 	 63
262 	 63
320 	 63
631 	 63
650 	 63
697 	 63
73 	 64
127 	 64
262 	 64
320 	 64
631 	 64
650 	 64
697 	 64
26 	 65
266 	 65
390 	 65
535 	 65
651 	 65
661 	 65
709 	 65
26 	 66
266 	 66
390 	 66
535 	 66
651 	 66
661 	 66
709 	 66
47 	 67
87 	 67
115 	 67
267 	 67
47 	 68
87 	 68
115 	 68
267 	 68
151 	 69
151 	 70
327 	 71
388 	 71
506 	 71
542 	 71
327 	 72
388 	 72
506 	 72
542 	 72
405 	 73
609 	 73
652 	 73
405 	 74
609 	 74
652 	 74
393 	 75
393 	 76
118 	 77
519 	 77
547 	 77
568 	 77
601 	 77
118 	 78
519 	 78
547 	 78
568 	 78
601 	 78
108 	 79
710 	 79
108 	 80
710 	 80
18 	 81
153 	 81
156 	 81
624 	 81
686 	 81
18 	 82
153 	 82
156 	 82
624 	 82
686 	 82
95 	 83
136 	 83
257 	 83
263 	 83
300 	 83
515 	 83
565 	 83
95 	 84
136 	 84
257 	 84
263 	 84
300 	 84
515 	 84
565 	 84
39 	 85
156 	 85
299 	 85
582 	 85
39 	 86
156 	 86
299 	 86
582 	 86
357 	 87
370 	 87
387 	 87
394 	 87
494 	 87
612 	 87
357 	 88
370 	 88
387 	 88
394 	 88
494 	 88
612 	 88
319 	 89
401 	 89
665 	 89
319 	 90
401 	 90
665 	 90
290 	 91
325 	 91
351 	 91
408 	 91
469 	 91
478 	 91
290 	 92
325 	 92
351 	 92
408 	 92
469 	 92
478 	 92
180 	 93
271 	 93
382 	 93
414 	 93
466 	 93
180 	 94
271 	 94
382 	 94
414 	 94
466 	 94
16 	 95
34 	 95
78 	 95
183 	 95
218 	 95
221 	 95
302 	 95
407 	 95
472 	 95
494 	 95
613 	 95
661 	 95
16 	 96
34 	 96
78 	 96
183 	 96
218 	 96
221 	 96
302 	 96
407 	 96
472 	 96
494 	 96
613 	 96
661 	 96
325 	 97
334 	 97
325 	 98
334 	 98
49 	 99
112 	 99
445 	 99
537 	 99
563 	 99
686 	 99
695 	 99
49 	 100
112 	 100
445 	 100
537 	 100
563 	 100
686 	 100
695 	 100
119 	 101
162 	 101
451 	 101
119 	 102
162 	 102
451 	 102
416 	 103
575 	 103
416 	 104
575 	 104
18 	 105
100 	 105
416 	 105
636 	 105
670 	 105
18 	 106
100 	 106
416 	 106
636 	 106
670 	 106
315 	 107
324 	 107
360 	 107
404 	 107
466 	 107
665 	 107
315 	 108
324 	 108
360 	 108
404 	 108
466 	 108
665 	 108
145 	 109
149 	 109
214 	 109
544 	 109
145 	 110
149 	 110
214 	 110
544 	 110
46 	 111
84 	 111
656 	 111
46 	 112
84 	 112
656 	 112
119 	 113
510 	 113
602 	 113
119 	 114
510 	 114
602 	 114
42 	 115
83 	 115
168 	 115
239 	 115
626 	 115
644 	 115
42 	 116
83 	 116
168 	 116
239 	 116
626 	 116
644 	 116
188 	 117
188 	 118
142 	 119
393 	 119
142 	 120
393 	 120
15 	 121
386 	 121
573 	 121
15 	 122
386 	 122
573 	 122
151 	 123
167 	 123
278 	 123
311 	 123
431 	 123
596 	 123
613 	 123
655 	 123
151 	 124
167 	 124
278 	 124
311 	 124
431 	 124
596 	 124
613 	 124
655 	 124
5 	 125
138 	 125
250 	 125
626 	 125
5 	 126
138 	 126
250 	 126
626 	 126
278 	 127
411 	 127
679 	 127
278 	 128
411 	 128
679 	 128
99 	 129
115 	 129
217 	 129
320 	 129
443 	 129
448 	 129
99 	 130
115 	 130
217 	 130
320 	 130
443 	 130
448 	 130
254 	 131
254 	 132
130 	 133
246 	 133
272 	 133
291 	 133
558 	 133
130 	 134
246 	 134
272 	 134
291 	 134
558 	 134
55 	 135
246 	 135
291 	 135
479 	 135
645 	 135
55 	 136
246 	 136
291 	 136
479 	 136
645 	 136
35 	 137
319 	 137
386 	 137
394 	 137
405 	 137
427 	 137
447 	 137
35 	 138
319 	 138
386 	 138
394 	 138
405 	 138
427 	 138
447 	 138
11 	 139
132 	 139
216 	 139
251 	 139
349 	 139
386 	 139
577 	 139
601 	 139
11 	 140
132 	 140
216 	 140
251 	 140
349 	 140
386 	 140
577 	 140
601 	 140
311 	 141
411 	 141
551 	 141
628 	 141
311 	 142
411 	 142
551 	 142
628 	 142
78 	 143
374 	 143
434 	 143
628 	 143
78 	 144
374 	 144
434 	 144
628 	 144
122 	 145
290 	 145
619 	 145
678 	 145
122 	 146
290 	 146
619 	 146
678 	 146
188 	 147
198 	 147
315 	 147
524 	 147
692 	 147
188 	 148
198 	 148
315 	 148
524 	 148
692 	 148
41 	 149
376 	 149
426 	 149
446 	 149
457 	 149
649 	 149
41 	 150
376 	 150
426 	 150
446 	 150
457 	 150
649 	 150
74 	 151
75 	 151
107 	 151
238 	 151
472 	 151
554 	 151
630 	 151
74 	 152
75 	 152
107 	 152
238 	 152
472 	 152
554 	 152
630 	 152
24 	 153
202 	 153
278 	 153
24 	 154
202 	 154
278 	 154
536 	 155
537 	 155
536 	 156
537 	 156
70 	 157
189 	 157
309 	 157
546 	 157
623 	 157
70 	 158
189 	 158
309 	 158
546 	 158
623 	 158
35 	 159
47 	 159
201 	 159
300 	 159
381 	 159
35 	 160
47 	 160
201 	 160
300 	 160
381 	 160
115 	 161
306 	 161
115 	 162
306 	 162
69 	 163
313 	 163
534 	 163
710 	 163
69 	 164
313 	 164
534 	 164
710 	 164
174 	 165
339 	 165
607 	 165
174 	 166
339 	 166
607 	 166
60 	 167
134 	 167
231 	 167
531 	 167
586 	 167
60 	 168
134 	 168
231 	 168
531 	 168
586 	 168
91 	 169
119 	 169
417 	 169
526 	 169
559 	 169
644 	 169
91 	 170
119 	 170
417 	 170
526 	 170
559 	 170
644 	 170
214 	 171
370 	 171
214 	 172
370 	 172
133 	 173
134 	 173
283 	 173
542 	 173
629 	 173
654 	 173
133 	 174
134 	 174
283 	 174
542 	 174
629 	 174
654 	 174
55 	 175
56 	 175
116 	 175
125 	 175
129 	 175
175 	 175
176 	 175
295 	 175
296 	 175
320 	 175
363 	 175
408 	 175
415 	 175
416 	 175
520 	 175
535 	 175
536 	 175
547 	 175
653 	 175
655 	 175
656 	 175
55 	 176
56 	 176
116 	 176
125 	 176
129 	 176
175 	 176
176 	 176
295 	 176
296 	 176
320 	 176
363 	 176
408 	 176
415 	 176
416 	 176
520 	 176
535 	 176
536 	 176
547 	 176
653 	 176
655 	 176
656 	 176
81 	 177
283 	 177
524 	 177
553 	 177
573 	 177
594 	 177
81 	 178
283 	 178
524 	 178
553 	 178
573 	 178
594 	 178
180 	 181
180 	 182
334 	 183
586 	 183
620 	 183
643 	 183
334 	 184
586 	 184
620 	 184
643 	 184
22 	 185
41 	 185
105 	 185
133 	 185
304 	 185
420 	 185
445 	 185
646 	 185
708 	 185
22 	 186
41 	 186
105 	 186
133 	 186
304 	 186
420 	 186
445 	 186
646 	 186
708 	 186
511 	 187
527 	 187
585 	 187
608 	 187
680 	 187
511 	 188
527 	 188
585 	 188
608 	 188
680 	 188
50 	 189
106 	 189
243 	 189
50 	 190
106 	 190
243 	 190
127 	 191
418 	 191
127 	 192
418 	 192
227 	 193
403 	 193
456 	 193
499 	 193
573 	 193
227 	 194
403 	 194
456 	 194
499 	 194
573 	 194
38 	 195
193 	 195
252 	 195
546 	 195
637 	 195
680 	 195
38 	 196
193 	 196
252 	 196
546 	 196
637 	 196
680 	 196
93 	 197
178 	 197
325 	 197
490 	 197
651 	 197
93 	 198
178 	 198
325 	 198
490 	 198
651 	 198
459 	 201
601 	 201
696 	 201
459 	 202
601 	 202
696 	 202
387 	 203
387 	 204
99 	 205
307 	 205
328 	 205
405 	 205
429 	 205
99 	 206
307 	 206
328 	 206
405 	 206
429 	 206
138 	 207
193 	 207
573 	 207
138 	 208
193 	 208
573 	 208
20 	 209
20 	 210
48 	 211
56 	 211
86 	 211
311 	 211
336 	 211
378 	 211
523 	 211
530 	 211
48 	 212
56 	 212
86 	 212
311 	 212
336 	 212
378 	 212
523 	 212
530 	 212
18 	 213
351 	 213
366 	 213
18 	 214
351 	 214
366 	 214
243 	 215
627 	 215
628 	 215
243 	 216
627 	 216
628 	 216
49 	 217
110 	 217
123 	 217
369 	 217
408 	 217
551 	 217
588 	 217
49 	 218
110 	 218
123 	 218
369 	 218
408 	 218
551 	 218
588 	 218
120 	 219
493 	 219
120 	 220
493 	 220
215 	 221
350 	 221
380 	 221
387 	 221
669 	 221
673 	 221
215 	 222
350 	 222
380 	 222
387 	 222
669 	 222
673 	 222
200 	 223
244 	 223
693 	 223
200 	 224
244 	 224
693 	 224
298 	 225
464 	 225
484 	 225
646 	 225
674 	 225
298 	 226
464 	 226
484 	 226
646 	 226
674 	 226
79 	 227
178 	 227
300 	 227
334 	 227
79 	 228
178 	 228
300 	 228
334 	 228
1 	 229
222 	 229
445 	 229
541 	 229
710 	 229
0 	 230
1 	 230
222 	 230
445 	 230
541 	 230
710 	 230
711 	 230
1 	 231
25 	 231
143 	 231
558 	 231
673 	 231
710 	 231
1 	 232
25 	 232
143 	 232
558 	 232
673 	 232
710 	 232
1 	 233
471 	 233
685 	 233
710 	 233
1 	 234
471 	 234
685 	 234
710 	 234
1 	 235
180 	 235
443 	 235
710 	 235
1 	 236
180 	 236
443 	 236
710 	 236
1 	 237
572 	 237
710 	 237
0 	 238
1 	 238
572 	 238
710 	 238
711 	 238
18 	 239
88 	 239
276 	 239
419 	 239
18 	 240
88 	 240
276 	 240
419 	 240
67 	 243
154 	 243
318 	 243
320 	 243
537 	 243
67 	 244
154 	 244
318 	 244
320 	 244
537 	 244
129 	 245
218 	 245
255 	 245
291 	 245
367 	 245
479 	 245
674 	 245
129 	 246
218 	 246
255 	 246
291 	 246
367 	 246
479 	 246
674 	 246
64 	 247
208 	 247
215 	 247
509 	 247
664 	 247
710 	 247
64 	 248
208 	 248
215 	 248
509 	 248
664 	 248
710 	 248
13 	 249
24 	 249
123 	 249
124 	 249
221 	 249
635 	 249
687 	 249
13 	 250
24 	 250
123 	 250
124 	 250
221 	 250
635 	 250
687 	 250
51 	 253
81 	 253
123 	 253
190 	 253
244 	 253
447 	 253
51 	 254
81 	 254
123 	 254
190 	 254
244 	 254
447 	 254
186 	 255
233 	 255
348 	 255
598 	 255
186 	 256
233 	 256
348 	 256
598 	 256
229 	 257
392 	 257
447 	 257
480 	 257
229 	 258
392 	 258
447 	 258
480 	 258
374 	 259
414 	 259
577 	 259
374 	 260
414 	 260
577 	 260
64 	 261
85 	 261
453 	 261
455 	 261
707 	 261
64 	 262
85 	 262
453 	 262
455 	 262
707 	 262
392 	 263
688 	 263
392 	 264
688 	 264
199 	 265
236 	 265
325 	 265
360 	 265
660 	 265
199 	 266
236 	 266
325 	 266
360 	 266
660 	 266
31 	 267
163 	 267
258 	 267
358 	 267
31 	 268
163 	 268
258 	 268
358 	 268
232 	 269
407 	 269
622 	 269
232 	 270
407 	 270
622 	 270
573 	 271
659 	 271
573 	 272
659 	 272
210 	 273
448 	 273
669 	 273
697 	 273
210 	 274
448 	 274
669 	 274
697 	 274
177 	 275
187 	 275
253 	 275
367 	 275
455 	 275
177 	 276
187 	 276
253 	 276
367 	 276
455 	 276
16 	 277
36 	 277
356 	 277
16 	 278
36 	 278
356 	 278
20 	 279
44 	 279
141 	 279
165 	 279
218 	 279
545 	 279
548 	 279
20 	 280
44 	 280
141 	 280
165 	 280
218 	 280
545 	 280
548 	 280
152 	 281
561 	 281
575 	 281
636 	 281
152 	 282
561 	 282
575 	 282
636 	 282
127 	 283
388 	 283
534 	 283
688 	 283
127 	 284
388 	 284
534 	 284
688 	 284
39 	 285
110 	 285
226 	 285
256 	 285
306 	 285
561 	 285
598 	 285
39 	 286
110 	 286
226 	 286
256 	 286
306 	 286
561 	 286
598 	 286
30 	 287
123 	 287
190 	 287
437 	 287
30 	 288
123 	 288
190 	 288
437 	 288
31 	 289
55 	 289
276 	 289
290 	 289
322 	 289
323 	 289
324 	 289
325 	 289
326 	 289
327 	 289
328 	 289
329 	 289
330 	 289
331 	 289
332 	 289
333 	 289
334 	 289
335 	 289
336 	 289
337 	 289
338 	 289
339 	 289
340 	 289
341 	 289
342 	 289
343 	 289
344 	 289
345 	 289
346 	 289
347 	 289
348 	 289
349 	 289
350 	 289
351 	 289
352 	 289
353 	 289
354 	 289
355 	 289
356 	 289
357 	 289
358 	 289
359 	 289
360 	 289
361 	 289
362 	 289
363 	 289
364 	 289
365 	 289
366 	 289
367 	 289
368 	 289
369 	 289
370 	 289
371 	 289
372 	 289
373 	 289
374 	 289
375 	 289
376 	 289
377 	 289
378 	 289
379 	 289
380 	 289
381 	 289
382 	 289
383 	 289
384 	 289
385 	 289
386 	 289
387 	 289
388 	 289
389 	 289
390 	 289
391 	 289
392 	 289
393 	 289
394 	 289
408 	 289
605 	 289
31 	 290
55 	 290
276 	 290
290 	 290
322 	 290
328 	 290
334 	 290
340 	 290
346 	 290
352 	 290
358 	 290
364 	 290
370 	 290
376 	 290
382 	 290
388 	 290
394 	 290
408 	 290
605 	 290
9 	 291
153 	 291
283 	 291
318 	 291
322 	 291
328 	 291
334 	 291
340 	 291
346 	 291
352 	 291
358 	 291
364 	 291
370 	 291
376 	 291
382 	 291
388 	 291
394 	 291
576 	 291
599 	 291
9 	 292
153 	 292
283 	 292
318 	 292
322 	 292
328 	 292
334 	 292
340 	 292
346 	 292
352 	 292
358 	 292
364 	 292
370 	 292
376 	 292
382 	 292
388 	 292
394 	 292
576 	 292
599 	 292
322 	 293
328 	 293
334 	 293
340 	 293
346 	 293
352 	 293
358 	 293
364 	 293
370 	 293
376 	 293
382 	 293
388 	 293
394 	 293
322 	 294
328 	 294
334 	 294
340 	 294
346 	 294
352 	 294
358 	 294
364 	 294
370 	 294
376 	 294
382 	 294
388 	 294
394 	 294
55 	 295
56 	 295
130 	 295
175 	 295
176 	 295
295 	 295
296 	 295
380 	 295
415 	 295
416 	 295
448 	 295
452 	 295
473 	 295
535 	 295
536 	 295
596 	 295
655 	 295
656 	 295
662 	 295
687 	 295
55 	 296
56 	 296
130 	 296
175 	 296
176 	 296
295 	 296
296 	 296
380 	 296
415 	 296
416 	 296
448 	 296
452 	 296
473 	 296
535 	 296
536 	 296
596 	 296
655 	 296
656 	 296
662 	 296
687 	 296
376 	 297
591 	 297
610 	 297
616 	 297
620 	 297
376 	 298
591 	 298
610 	 298
616 	 298
620 	 298
203 	 299
245 	 299
440 	 299
549 	 299
616 	 299
637 	 299
642 	 299
203 	 300
245 	 300
440 	 300
549 	 300
616 	 300
637 	 300
642 	 300
72 	 301
91 	 301
104 	 301
574 	 301
72 	 302
91 	 302
104 	 302
574 	 302
199 	 303
250 	 303
307 	 303
704 	 303
199 	 304
250 	 304
307 	 304
704 	 304
48 	 305
287 	 305
565 	 305
48 	 306
287 	 306
565 	 306
128 	 307
277 	 307
327 	 307
612 	 307
128 	 308
277 	 308
327 	 308
612 	 308
23 	 309
41 	 309
95 	 309
139 	 309
216 	 309
261 	 309
299 	 309
300 	 309
536 	 309
23 	 310
41 	 310
95 	 310
139 	 310
216 	 310
261 	 310
299 	 310
300 	 310
536 	 310
565 	 311
615 	 311
676 	 311
565 	 312
615 	 312
676 	 312
123 	 313
123 	 314
234 	 315
298 	 315
474 	 315
630 	 315
651 	 315
234 	 316
298 	 316
474 	 316
630 	 316
651 	 316
131 	 317
290 	 317
131 	 318
290 	 318
122 	 319
192 	 319
250 	 319
533 	 319
626 	 319
645 	 319
122 	 320
192 	 320
250 	 320
533 	 320
626 	 320
645 	 320
3 	 321
21 	 321
140 	 321
413 	 321
699 	 321
3 	 322
21 	 322
140 	 322
413 	 322
699 	 322
190 	 323
280 	 323
284 	 323
331 	 323
679 	 323
687 	 323
190 	 324
280 	 324
284 	 324
331 	 324
679 	 324
687 	 324
5 	 325
211 	 325
268 	 325
275 	 325
554 	 325
555 	 325
659 	 325
5 	 326
211 	 326
268 	 326
275 	 326
554 	 326
555 	 326
659 	 326
223 	 327
465 	 327
589 	 327
223 	 328
465 	 328
589 	 328
84 	 329
239 	 329
398 	 329
511 	 329
84 	 330
239 	 330
398 	 330
511 	 330
15 	 331
39 	 331
94 	 331
96 	 331
260 	 331
465 	 331
15 	 332
39 	 332
94 	 332
96 	 332
260 	 332
465 	 332
65 	 333
146 	 333
214 	 333
549 	 333
566 	 333
700 	 333
65 	 334
146 	 334
214 	 334
549 	 334
566 	 334
700 	 334
131 	 335
175 	 335
182 	 335
286 	 335
341 	 335
599 	 335
131 	 336
175 	 336
182 	 336
286 	 336
341 	 336
599 	 336
268 	 337
324 	 337
472 	 337
543 	 337
677 	 337
268 	 338
324 	 338
472 	 338
543 	 338
677 	 338
397 	 339
518 	 339
697 	 339
397 	 340
518 	 340
697 	 340
390 	 341
491 	 341
541 	 341
390 	 342
491 	 342
541 	 342
101 	 343
117 	 343
326 	 343
328 	 343
330 	 343
342 	 343
573 	 343
101 	 344
117 	 344
326 	 344
328 	 344
330 	 344
342 	 344
573 	 344
26 	 345
144 	 345
250 	 345
289 	 345
321 	 345
553 	 345
571 	 345
26 	 346
144 	 346
250 	 346
289 	 346
321 	 346
553 	 346
571 	 346
218 	 347
378 	 347
574 	 347
623 	 347
218 	 348
378 	 348
574 	 348
623 	 348
30 	 349
90 	 349
171 	 349
178 	 349
592 	 349
30 	 350
90 	 350
171 	 350
178 	 350
592 	 350
55 	 351
115 	 351
131 	 351
364 	 351
555 	 351
580 	 351
592 	 351
55 	 352
115 	 352
131 	 352
364 	 352
555 	 352
580 	 352
592 	 352
287 	 353
356 	 353
651 	 353
287 	 354
651 	 354
354 	 355
355 	 355
357 	 355
358 	 355
424 	 355
498 	 355
499 	 355
424 	 356
498 	 356
499 	 356
363 	 357
430 	 357
629 	 357
363 	 358
430 	 358
629 	 358
397 	 359
442 	 359
397 	 360
442 	 360
343 	 361
396 	 361
672 	 361
343 	 362
396 	 362
672 	 362
454 	 363
461 	 363
569 	 363
625 	 363
626 	 363
454 	 364
461 	 364
569 	 364
625 	 364
626 	 364
255 	 365
257 	 365
338 	 365
445 	 365
527 	 365
529 	 365
628 	 365
255 	 366
257 	 366
338 	 366
445 	 366
527 	 366
529 	 366
628 	 366
58 	 367
284 	 367
316 	 367
318 	 367
356 	 367
457 	 367
618 	 367
58 	 368
284 	 368
316 	 368
318 	 368
356 	 368
457 	 368
618 	 368
156 	 369
209 	 369
324 	 369
338 	 369
449 	 369
646 	 369
156 	 370
209 	 370
324 	 370
338 	 370
449 	 370
646 	 370
25 	 373
99 	 373
173 	 373
265 	 373
709 	 373
25 	 374
99 	 374
173 	 374
265 	 374
709 	 374
419 	 375
438 	 375
482 	 375
519 	 375
682 	 375
419 	 376
438 	 376
482 	 376
519 	 376
682 	 376
36 	 377
37 	 377
100 	 377
104 	 377
264 	 377
438 	 377
516 	 377
518 	 377
36 	 378
37 	 378
100 	 378
104 	 378
264 	 378
438 	 378
516 	 378
518 	 378
107 	 379
108 	 379
604 	 379
107 	 380
108 	 380
604 	 380
2 	 381
93 	 381
127 	 381
160 	 381
348 	 381
424 	 381
462 	 381
657 	 381
2 	 382
93 	 382
127 	 382
160 	 382
348 	 382
424 	 382
462 	 382
657 	 382
26 	 383
61 	 383
168 	 383
219 	 383
220 	 383
390 	 383
391 	 383
564 	 383
592 	 383
622 	 383
26 	 384
61 	 384
168 	 384
219 	 384
220 	 384
390 	 384
391 	 384
564 	 384
592 	 384
622 	 384
366 	 385
505 	 385
558 	 385
636 	 385
664 	 385
366 	 386
505 	 386
558 	 386
636 	 386
664 	 386
157 	 387
313 	 387
434 	 387
473 	 387
596 	 387
157 	 388
313 	 388
434 	 388
473 	 388
596 	 388
280 	 389
301 	 389
329 	 389
565 	 389
646 	 389
280 	 390
301 	 390
329 	 390
565 	 390
646 	 390
34 	 391
359 	 391
629 	 391
674 	 391
34 	 392
359 	 392
629 	 392
674 	 392
14 	 393
324 	 393
472 	 393
584 	 393
14 	 394
324 	 394
472 	 394
584 	 394
79 	 395
92 	 395
133 	 395
410 	 395
616 	 395
643 	 395
79 	 396
92 	 396
133 	 396
410 	 396
616 	 396
643 	 396
218 	 397
413 	 397
498 	 397
511 	 397
598 	 397
599 	 397
218 	 398
413 	 398
498 	 398
511 	 398
598 	 398
599 	 398
275 	 399
351 	 399
501 	 399
516 	 399
275 	 400
351 	 400
501 	 400
516 	 400
171 	 401
213 	 401
223 	 401
288 	 401
662 	 401
171 	 402
213 	 402
223 	 402
288 	 402
662 	 402
204 	 403
679 	 403
204 	 404
679 	 404
263 	 405
381 	 405
419 	 405
263 	 406
381 	 406
419 	 406
82 	 407
188 	 407
554 	 407
638 	 407
82 	 408
188 	 408
554 	 408
638 	 408
102 	 409
331 	 409
527 	 409
670 	 409
679 	 409
687 	 409
705 	 409
102 	 410
331 	 410
527 	 410
670 	 410
679 	 410
687 	 410
705 	 410
479 	 411
616 	 411
663 	 411
668 	 411
686 	 411
479 	 412
616 	 412
663 	 412
668 	 412
686 	 412
8 	 413
48 	 413
70 	 413
85 	 413
126 	 413
617 	 413
647 	 413
679 	 413
8 	 414
48 	 414
70 	 414
85 	 414
126 	 414
617 	 414
647 	 414
679 	 414
55 	 415
56 	 415
151 	 415
175 	 415
176 	 415
286 	 415
295 	 415
296 	 415
307 	 415
325 	 415
415 	 415
416 	 415
535 	 415
536 	 415
557 	 415
655 	 415
656 	 415
676 	 415
55 	 416
56 	 416
151 	 416
175 	 416
176 	 416
286 	 416
295 	 416
296 	 416
307 	 416
325 	 416
415 	 416
416 	 416
535 	 416
536 	 416
557 	 416
655 	 416
656 	 416
676 	 416
94 	 417
347 	 417
348 	 417
349 	 417
350 	 417
351 	 417
352 	 417
353 	 417
354 	 417
355 	 417
356 	 417
357 	 417
358 	 417
359 	 417
360 	 417
361 	 417
362 	 417
363 	 417
364 	 417
365 	 417
366 	 417
457 	 417
560 	 417
624 	 417
94 	 418
347 	 418
348 	 418
349 	 418
350 	 418
351 	 418
352 	 418
353 	 418
354 	 418
355 	 418
356 	 418
357 	 418
358 	 418
359 	 418
360 	 418
361 	 418
362 	 418
363 	 418
364 	 418
365 	 418
366 	 418
457 	 418
560 	 418
624 	 418
108 	 419
347 	 419
348 	 419
349 	 419
350 	 419
351 	 419
352 	 419
353 	 419
354 	 419
355 	 419
356 	 419
357 	 419
358 	 419
359 	 419
360 	 419
361 	 419
362 	 419
363 	 419
364 	 419
365 	 419
366 	 419
576 	 419
108 	 420
347 	 420
348 	 420
349 	 420
350 	 420
351 	 420
352 	 420
353 	 420
354 	 420
355 	 420
356 	 420
357 	 420
358 	 420
359 	 420
360 	 420
361 	 420
362 	 420
363 	 420
364 	 420
365 	 420
366 	 420
576 	 420
347 	 421
348 	 421
349 	 421
350 	 421
351 	 421
352 	 421
353 	 421
354 	 421
355 	 421
356 	 421
357 	 421
358 	 421
359 	 421
360 	 421
361 	 421
362 	 421
363 	 421
364 	 421
365 	 421
366 	 421
640 	 421
649 	 421
347 	 422
348 	 422
349 	 422
350 	 422
351 	 422
352 	 422
353 	 422
354 	 422
355 	 422
356 	 422
357 	 422
358 	 422
359 	 422
360 	 422
361 	 422
362 	 422
363 	 422
364 	 422
365 	 422
366 	 422
640 	 422
649 	 422
347 	 423
348 	 423
349 	 423
350 	 423
351 	 423
352 	 423
353 	 423
354 	 423
355 	 423
356 	 423
357 	 423
358 	 423
359 	 423
360 	 423
361 	 423
362 	 423
363 	 423
364 	 423
365 	 423
366 	 423
540 	 423
628 	 423
347 	 424
348 	 424
349 	 424
350 	 424
351 	 424
352 	 424
353 	 424
354 	 424
355 	 424
356 	 424
357 	 424
358 	 424
359 	 424
360 	 424
361 	 424
362 	 424
363 	 424
364 	 424
365 	 424
366 	 424
540 	 424
628 	 424
92 	 425
347 	 425
348 	 425
349 	 425
350 	 425
351 	 425
352 	 425
353 	 425
354 	 425
355 	 425
356 	 425
357 	 425
358 	 425
359 	 425
360 	 425
361 	 425
362 	 425
363 	 425
364 	 425
365 	 425
366 	 425
533 	 425
92 	 426
347 	 426
348 	 426
349 	 426
350 	 426
351 	 426
352 	 426
353 	 426
354 	 426
355 	 426
356 	 426
357 	 426
358 	 426
359 	 426
360 	 426
361 	 426
362 	 426
363 	 426
364 	 426
365 	 426
366 	 426
533 	 426
26 	 427
347 	 427
348 	 427
349 	 427
350 	 427
351 	 427
352 	 427
353 	 427
354 	 427
355 	 427
356 	 427
357 	 427
358 	 427
359 	 427
360 	 427
361 	 427
362 	 427
363 	 427
364 	 427
365 	 427
366 	 427
491 	 427
26 	 428
347 	 428
348 	 428
349 	 428
350 	 428
351 	 428
352 	 428
353 	 428
354 	 428
355 	 428
356 	 428
357 	 428
358 	 428
359 	 428
360 	 428
361 	 428
362 	 428
363 	 428
364 	 428
365 	 428
366 	 428
491 	 428
347 	 429
348 	 429
349 	 429
350 	 429
351 	 429
352 	 429
353 	 429
354 	 429
355 	 429
356 	 429
357 	 429
358 	 429
359 	 429
360 	 429
361 	 429
362 	 429
363 	 429
364 	 429
365 	 429
366 	 429
432 	 429
705 	 429
347 	 430
348 	 430
349 	 430
350 	 430
351 	 430
352 	 430
353 	 430
354 	 430
355 	 430
356 	 430
357 	 430
358 	 430
359 	 430
360 	 430
361 	 430
362 	 430
363 	 430
364 	 430
365 	 430
366 	 430
432 	 430
705 	 430
64 	 431
65 	 431
174 	 431
347 	 431
348 	 431
349 	 431
350 	 431
351 	 431
352 	 431
353 	 431
354 	 431
355 	 431
356 	 431
357 	 431
358 	 431
359 	 431
360 	 431
361 	 431
362 	 431
363 	 431
364 	 431
365 	 431
366 	 431
478 	 431
505 	 431
544 	 431
705 	 431
64 	 432
65 	 432
174 	 432
347 	 432
348 	 432
349 	 432
350 	 432
351 	 432
352 	 432
353 	 432
354 	 432
355 	 432
356 	 432
357 	 432
358 	 432
359 	 432
360 	 432
361 	 432
362 	 432
363 	 432
364 	 432
365 	 432
366 	 432
478 	 432
505 	 432
544 	 432
705 	 432
302 	 433
347 	 433
348 	 433
349 	 433
350 	 433
351 	 433
352 	 433
353 	 433
354 	 433
355 	 433
356 	 433
357 	 433
358 	 433
359 	 433
360 	 433
361 	 433
362 	 433
363 	 433
364 	 433
365 	 433
366 	 433
302 	 434
347 	 434
348 	 434
349 	 434
350 	 434
351 	 434
352 	 434
353 	 434
354 	 434
355 	 434
356 	 434
357 	 434
358 	 434
359 	 434
360 	 434
361 	 434
362 	 434
363 	 434
364 	 434
365 	 434
366 	 434
57 	 435
270 	 435
281 	 435
347 	 435
348 	 435
349 	 435
350 	 435
351 	 435
352 	 435
353 	 435
354 	 435
355 	 435
356 	 435
357 	 435
358 	 435
359 	 435
360 	 435
361 	 435
362 	 435
363 	 435
364 	 435
365 	 435
366 	 435
447 	 435
569 	 435
57 	 436
270 	 436
281 	 436
347 	 436
348 	 436
349 	 436
350 	 436
351 	 436
352 	 436
353 	 436
354 	 436
355 	 436
356 	 436
357 	 436
358 	 436
359 	 436
360 	 436
361 	 436
362 	 436
363 	 436
364 	 436
365 	 436
366 	 436
447 	 436
569 	 436
139 	 437
347 	 437
348 	 437
349 	 437
350 	 437
351 	 437
352 	 437
353 	 437
354 	 437
355 	 437
356 	 437
357 	 437
358 	 437
359 	 437
360 	 437
361 	 437
362 	 437
363 	 437
364 	 437
365 	 437
366 	 437
414 	 437
438 	 437
139 	 438
347 	 438
348 	 438
349 	 438
350 	 438
351 	 438
352 	 438
353 	 438
354 	 438
355 	 438
356 	 438
357 	 438
358 	 438
359 	 438
360 	 438
361 	 438
362 	 438
363 	 438
364 	 438
365 	 438
366 	 438
414 	 438
438 	 438
175 	 439
388 	 439
604 	 439
613 	 439
656 	 439
709 	 439
175 	 440
388 	 440
604 	 440
613 	 440
656 	 440
709 	 440
28 	 441
119 	 441
311 	 441
388 	 441
28 	 442
119 	 442
311 	 442
388 	 442
50 	 443
265 	 443
315 	 443
584 	 443
50 	 444
265 	 444
315 	 444
584 	 444
26 	 445
619 	 445
689 	 445
26 	 446
619 	 446
689 	 446
24 	 447
34 	 447
112 	 447
248 	 447
24 	 448
34 	 448
112 	 448
248 	 448
254 	 449
625 	 449
254 	 450
625 	 450
161 	 451
161 	 452
34 	 453
334 	 453
536 	 453
34 	 454
334 	 454
536 	 454
17 	 455
228 	 455
256 	 455
352 	 455
430 	 455
499 	 455
519 	 455
547 	 455
561 	 455
634 	 455
17 	 456
228 	 456
256 	 456
352 	 456
430 	 456
499 	 456
519 	 456
547 	 456
561 	 456
634 	 456
413 	 457
594 	 457
613 	 457
614 	 457
413 	 458
594 	 458
613 	 458
614 	 458
51 	 459
210 	 459
396 	 459
399 	 459
51 	 460
210 	 460
396 	 460
399 	 460
420 	 461
598 	 461
621 	 461
701 	 461
420 	 462
598 	 462
621 	 462
701 	 462
357 	 463
435 	 463
634 	 463
636 	 463
692 	 463
357 	 464
435 	 464
634 	 464
636 	 464
692 	 464
0 	 465
1 	 465
11 	 465
19 	 465
22 	 465
288 	 465
361 	 465
710 	 465
711 	 465
1 	 466
11 	 466
19 	 466
22 	 466
288 	 466
361 	 466
710 	 466
1 	 467
276 	 467
295 	 467
420 	 467
447 	 467
550 	 467
710 	 467
1 	 468
276 	 468
295 	 468
420 	 468
447 	 468
550 	 468
710 	 468
1 	 469
7 	 469
8 	 469
124 	 469
196 	 469
451 	 469
485 	 469
707 	 469
710 	 469
1 	 470
7 	 470
8 	 470
124 	 470
196 	 470
451 	 470
485 	 470
707 	 470
710 	 470
1 	 471
320 	 471
710 	 471
1 	 472
320 	 472
710 	 472
0 	 473
1 	 473
13 	 473
123 	 473
347 	 473
576 	 473
691 	 473
710 	 473
711 	 473
1 	 474
13 	 474
123 	 474
347 	 474
576 	 474
691 	 474
710 	 474
18 	 475
35 	 475
47 	 475
18 	 476
35 	 476
47 	 476
15 	 477
84 	 477
161 	 477
494 	 477
535 	 477
568 	 477
15 	 478
84 	 478
161 	 478
494 	 478
535 	 478
568 	 478
196 	 479
196 	 480
44 	 481
358 	 481
44 	 482
358 	 482
242 	 483
245 	 483
473 	 483
242 	 484
245 	 484
473 	 484
24 	 485
24 	 486
263 	 487
335 	 487
378 	 487
410 	 487
519 	 487
710 	 487
263 	 488
335 	 488
378 	 488
410 	 488
519 	 488
710 	 488
6 	 489
240 	 489
398 	 489
6 	 490
240 	 490
398 	 490
100 	 491
139 	 491
230 	 491
238 	 491
557 	 491
100 	 492
139 	 492
230 	 492
238 	 492
557 	 492
68 	 493
615 	 493
616 	 493
695 	 493
68 	 494
615 	 494
616 	 494
695 	 494
73 	 495
102 	 495
703 	 495
73 	 496
102 	 496
703 	 496
40 	 497
94 	 497
138 	 497
259 	 497
502 	 497
40 	 498
94 	 498
138 	 498
259 	 498
502 	 498
24 	 499
397 	 499
513 	 499
24 	 500
397 	 500
513 	 500
372 	 501
390 	 501
391 	 501
427 	 501
498 	 501
619 	 501
372 	 502
390 	 502
391 	 502
427 	 502
498 	 502
619 	 502
70 	 503
237 	 503
305 	 503
412 	 503
430 	 503
491 	 503
70 	 504
237 	 504
305 	 504
412 	 504
430 	 504
491 	 504
148 	 505
355 	 505
587 	 505
148 	 506
355 	 506
587 	 506
92 	 507
670 	 507
92 	 508
670 	 508
228 	 509
228 	 510
88 	 511
160 	 511
296 	 511
313 	 511
325 	 511
477 	 511
604 	 511
88 	 512
160 	 512
296 	 512
313 	 512
325 	 512
477 	 512
604 	 512
43 	 513
303 	 513
632 	 513
671 	 513
43 	 514
303 	 514
632 	 514
671 	 514
98 	 515
139 	 515
201 	 515
216 	 515
353 	 515
425 	 515
573 	 515
708 	 515
98 	 516
139 	 516
201 	 516
216 	 516
353 	 516
425 	 516
573 	 516
708 	 516
50 	 517
182 	 517
325 	 517
383 	 517
531 	 517
50 	 518
182 	 518
325 	 518
383 	 518
531 	 518
158 	 519
343 	 519
467 	 519
158 	 520
343 	 520
467 	 520
9 	 521
144 	 521
161 	 521
176 	 521
590 	 521
684 	 521
9 	 522
144 	 522
161 	 522
176 	 522
590 	 522
684 	 522
189 	 523
498 	 523
189 	 524
498 	 524
19 	 525
98 	 525
359 	 525
391 	 525
670 	 525
19 	 526
98 	 526
359 	 526
391 	 526
670 	 526
3 	 527
52 	 527
3 	 528
52 	 528
49 	 529
208 	 529
255 	 529
49 	 530
208 	 530
255 	 530
8 	 531
125 	 531
148 	 531
248 	 531
255 	 531
264 	 531
533 	 531
545 	 531
559 	 531
8 	 532
125 	 532
148 	 532
248 	 532
255 	 532
264 	 532
533 	 532
545 	 532
559 	 532
41 	 533
219 	 533
303 	 533
41 	 534
219 	 534
303 	 534
55 	 535
56 	 535
121 	 535
170 	 535
175 	 535
176 	 535
206 	 535
273 	 535
295 	 535
296 	 535
317 	 535
337 	 535
415 	 535
416 	 535
451 	 535
476 	 535
535 	 535
536 	 535
655 	 535
656 	 535
55 	 536
56 	 536
121 	 536
170 	 536
175 	 536
176 	 536
206 	 536
273 	 536
295 	 536
296 	 536
317 	 536
337 	 536
415 	 536
416 	 536
451 	 536
476 	 536
535 	 536
536 	 536
655 	 536
656 	 536
193 	 537
206 	 537
234 	 537
340 	 537
370 	 537
440 	 537
563 	 537
193 	 538
206 	 538
234 	 538
340 	 538
370 	 538
440 	 538
563 	 538
35 	 539
61 	 539
158 	 539
213 	 539
228 	 539
277 	 539
372 	 539
458 	 539
35 	 540
61 	 540
158 	 540
213 	 540
228 	 540
277 	 540
372 	 540
458 	 540
190 	 541
282 	 541
190 	 542
282 	 542
31 	 543
37 	 543
47 	 543
220 	 543
224 	 543
613 	 543
31 	 544
37 	 544
47 	 544
220 	 544
224 	 544
613 	 544
141 	 545
501 	 545
141 	 546
501 	 546
66 	 547
101 	 547
307 	 547
533 	 547
563 	 547
627 	 547
66 	 548
101 	 548
307 	 548
533 	 548
563 	 548
627 	 548
71 	 549
326 	 549
557 	 549
563 	 549
565 	 549
707 	 549
71 	 550
326 	 550
557 	 550
563 	 550
565 	 550
707 	 550
9 	 551
336 	 551
419 	 551
422 	 551
470 	 551
9 	 552
336 	 552
419 	 552
422 	 552
470 	 552
31 	 553
423 	 553
519 	 553
587 	 553
595 	 553
604 	 553
638 	 553
675 	 553
31 	 554
423 	 554
519 	 554
587 	 554
595 	 554
604 	 554
638 	 554
675 	 554
57 	 555
169 	 555
234 	 555
392 	 555
468 	 555
479 	 555
57 	 556
169 	 556
234 	 556
392 	 556
468 	 556
479 	 556
19 	 557
204 	 557
334 	 557
398 	 557
411 	 557
534 	 557
586 	 557
19 	 558
204 	 558
334 	 558
398 	 558
411 	 558
534 	 558
586 	 558
565 	 559
565 	 560
246 	 561
425 	 561
438 	 561
246 	 562
425 	 562
438 	 562
64 	 563
202 	 563
422 	 563
64 	 564
202 	 564
422 	 564
104 	 567
587 	 567
635 	 567
104 	 568
587 	 568
635 	 568
160 	 569
190 	 569
265 	 569
402 	 569
421 	 569
499 	 569
160 	 570
190 	 570
265 	 570
402 	 570
421 	 570
499 	 570
627 	 571
627 	 572
87 	 573
497 	 573
512 	 573
519 	 573
591 	 573
622 	 573
87 	 574
497 	 574
512 	 574
519 	 574
591 	 574
622 	 574
145 	 575
339 	 575
596 	 575
683 	 575
145 	 576
339 	 576
596 	 576
683 	 576
359 	 577
378 	 577
489 	 577
565 	 577
566 	 577
619 	 577
359 	 578
378 	 578
489 	 578
565 	 578
566 	 578
619 	 578
99 	 579
186 	 579
321 	 579
516 	 579
517 	 579
99 	 580
186 	 580
321 	 580
516 	 580
517 	 580
375 	 581
399 	 581
404 	 581
615 	 581
375 	 582
399 	 582
404 	 582
615 	 582
37 	 583
235 	 583
330 	 583
359 	 583
412 	 583
461 	 583
587 	 583
37 	 584
235 	 584
330 	 584
359 	 584
412 	 584
461 	 584
587 	 584
132 	 585
241 	 585
422 	 585
132 	 586
241 	 586
422 	 586
20 	 587
514 	 587
20 	 588
514 	 588
70 	 589
426 	 589
509 	 589
688 	 589
70 	 590
426 	 590
509 	 590
688 	 590
254 	 591
281 	 591
500 	 591
254 	 592
281 	 592
500 	 592
167 	 593
247 	 593
302 	 593
391 	 593
553 	 593
604 	 593
667 	 593
668 	 593
167 	 594
247 	 594
302 	 594
391 	 594
553 	 594
604 	 594
667 	 594
668 	 594
101 	 595
111 	 595
471 	 595
487 	 595
689 	 595
101 	 596
111 	 596
471 	 596
487 	 596
689 	 596
219 	 597
312 	 597
391 	 597
399 	 597
401 	 597
623 	 597
219 	 598
312 	 598
391 	 598
399 	 598
401 	 598
623 	 598
642 	 599
642 	 600
52 	 601
168 	 601
223 	 601
446 	 601
52 	 602
168 	 602
223 	 602
446 	 602
3 	 603
135 	 603
144 	 603
439 	 603
522 	 603
589 	 603
3 	 604
135 	 604
144 	 604
439 	 604
522 	 604
589 	 604
10 	 605
25 	 605
79 	 605
83 	 605
338 	 605
565 	 605
625 	 605
696 	 605
10 	 606
25 	 606
79 	 606
83 	 606
338 	 606
565 	 606
625 	 606
696 	 606
181 	 607
205 	 607
318 	 607
340 	 607
402 	 607
501 	 607
542 	 607
181 	 608
205 	 608
318 	 608
340 	 608
402 	 608
501 	 608
542 	 608
85 	 609
119 	 609
486 	 609
555 	 609
570 	 609
577 	 609
601 	 609
85 	 610
119 	 610
486 	 610
555 	 610
570 	 610
577 	 610
601 	 610
193 	 611
287 	 611
584 	 611
620 	 611
193 	 612
287 	 612
584 	 612
620 	 612
4 	 613
105 	 613
356 	 613
483 	 613
504 	 613
698 	 613
4 	 614
105 	 614
356 	 614
483 	 614
504 	 614
698 	 614
312 	 615
410 	 615
425 	 615
530 	 615
312 	 616
410 	 616
425 	 616
530 	 616
76 	 617
260 	 617
531 	 617
76 	 618
260 	 618
531 	 618
43 	 619
336 	 619
43 	 620
336 	 620
189 	 621
190 	 621
243 	 621
252 	 621
293 	 621
350 	 621
189 	 622
190 	 622
243 	 622
252 	 622
293 	 622
350 	 622
92 	 623
188 	 623
243 	 623
355 	 623
463 	 623
92 	 624
188 	 624
243 	 624
355 	 624
463 	 624
84 	 625
351 	 625
392 	 625
589 	 625
617 	 625
84 	 626
351 	 626
392 	 626
589 	 626
617 	 626
7 	 627
100 	 627
191 	 627
285 	 627
377 	 627
417 	 627
515 	 627
584 	 627
7 	 628
100 	 628
191 	 628
285 	 628
377 	 628
417 	 628
515 	 628
584 	 628
151 	 629
151 	 630
53 	 631
82 	 631
228 	 631
412 	 631
53 	 632
82 	 632
228 	 632
412 	 632
6 	 633
9 	 633
125 	 633
348 	 633
6 	 634
9 	 634
125 	 634
348 	 634
130 	 635
630 	 635
130 	 636
630 	 636
247 	 637
247 	 638
233 	 639
445 	 639
548 	 639
661 	 639
233 	 640
445 	 640
548 	 640
661 	 640
296 	 641
351 	 641
487 	 641
531 	 641
296 	 642
351 	 642
487 	 642
531 	 642
404 	 643
649 	 643
404 	 644
649 	 644
95 	 645
193 	 645
211 	 645
520 	 645
560 	 645
613 	 645
95 	 646
193 	 646
211 	 646
520 	 646
560 	 646
613 	 646
13 	 647
181 	 647
255 	 647
268 	 647
319 	 647
405 	 647
409 	 647
579 	 647
13 	 648
181 	 648
255 	 648
268 	 648
319 	 648
405 	 648
409 	 648
579 	 648
183 	 649
203 	 649
480 	 649
183 	 650
203 	 650
480 	 650
87 	 651
187 	 651
307 	 651
328 	 651
374 	 651
87 	 652
187 	 652
307 	 652
328 	 652
374 	 652
74 	 653
94 	 653
498 	 653
581 	 653
74 	 654
94 	 654
498 	 654
581 	 654
55 	 655
56 	 655
127 	 655
162 	 655
175 	 655
176 	 655
295 	 655
296 	 655
325 	 655
415 	 655
416 	 655
535 	 655
536 	 655
634 	 655
655 	 655
656 	 655
55 	 656
56 	 656
127 	 656
162 	 656
175 	 656
176 	 656
295 	 656
296 	 656
325 	 656
415 	 656
416 	 656
535 	 656
536 	 656
634 	 656
655 	 656
656 	 656
18 	 657
24 	 657
47 	 657
18 	 658
24 	 658
47 	 658
12 	 659
411 	 659
482 	 659
603 	 659
650 	 659
667 	 659
12 	 660
411 	 660
482 	 660
603 	 660
650 	 660
667 	 660
295 	 661
347 	 661
357 	 661
407 	 661
295 	 662
347 	 662
357 	 662
407 	 662
9 	 663
120 	 663
174 	 663
178 	 663
588 	 663
9 	 664
120 	 664
174 	 664
178 	 664
588 	 664
116 	 665
121 	 665
202 	 665
686 	 665
116 	 666
121 	 666
202 	 666
686 	 666
38 	 667
293 	 667
336 	 667
345 	 667
407 	 667
471 	 667
678 	 667
702 	 667
38 	 668
293 	 668
336 	 668
345 	 668
407 	 668
471 	 668
678 	 668
702 	 668
56 	 669
167 	 669
237 	 669
482 	 669
56 	 670
167 	 670
237 	 670
482 	 670
207 	 671
560 	 671
588 	 671
591 	 671
612 	 671
207 	 672
560 	 672
588 	 672
591 	 672
612 	 672
64 	 673
380 	 673
442 	 673
64 	 674
380 	 674
442 	 674
206 	 675
380 	 675
688 	 675
696 	 675
206 	 676
380 	 676
688 	 676
696 	 676
205 	 677
344 	 677
205 	 678
344 	 678
438 	 679
594 	 679
634 	 679
438 	 680
594 	 680
634 	 680
173 	 681
370 	 681
502 	 681
660 	 681
665 	 681
666 	 681
173 	 682
370 	 682
502 	 682
660 	 682
665 	 682
666 	 682
184 	 683
351 	 683
387 	 683
567 	 683
184 	 684
351 	 684
387 	 684
567 	 684
276 	 685
497 	 685
612 	 685
276 	 686
497 	 686
612 	 686
100 	 687
542 	 687
100 	 688
542 	 688
496 	 689
496 	 690
83 	 691
83 	 692
171 	 693
271 	 693
330 	 693
398 	 693
171 	 694
271 	 694
330 	 694
398 	 694
211 	 695
370 	 695
211 	 696
370 	 696
392 	 697
623 	 697
392 	 698
623 	 698
194 	 699
309 	 699
390 	 699
510 	 699
194 	 700
309 	 700
390 	 700
510 	 700
150 	 701
289 	 701
150 	 702
289 	 702
40 	 703
96 	 703
334 	 703
665 	 703
40 	 704
96 	 704
334 	 704
665 	 704
199 	 705
233 	 705
697 	 705
199 	 706
233 	 706
697 	 706
0 	 707
1 	 707
2 	 707
3 	 707
4 	 707
235 	 707
236 	 707
237 	 707
238 	 707
239 	 707
472 	 707
473 	 707
474 	 707
475 	 707
476 	 707
513 	 707
528 	 707
601 	 707
707 	 707
708 	 707
709 	 707
710 	 707
711 	 707
4 	 708
235 	 708
236 	 708
237 	 708
238 	 708
239 	 708
472 	 708
473 	 708
474 	 708
475 	 708
476 	 708
513 	 708
528 	 708
601 	 708
707 	 708
4 	 709
211 	 709
235 	 709
237 	 709
239 	 709
472 	 709
474 	 709
476 	 709
676 	 709
677 	 709
678 	 709
679 	 709
680 	 709
681 	 709
682 	 709
683 	 709
684 	 709
685 	 709
686 	 709
687 	 709
688 	 709
689 	 709
690 	 709
691 	 709
692 	 709
693 	 709
694 	 709
695 	 709
696 	 709
697 	 709
698 	 709
699 	 709
700 	 709
701 	 709
702 	 709
703 	 709
704 	 709
705 	 709
706 	 709
707 	 709
4 	 710
211 	 710
235 	 710
237 	 710
239 	 710
472 	 710
474 	 710
476 	 710
676 	 710
677 	 710
678 	 710
679 	 710
680 	 710
681 	 710
682 	 710
683 	 710
684 	 710
685 	 710
686 	 710
687 	 710
688 	 710
689 	 710
690 	 710
691 	 710
692 	 710
693 	 710
694 	 710
695 	 710
696 	 710
697 	 710
698 	 710
699 	 710
700 	 710
701 	 710
702 	 710
703 	 710
704 	 710
705 	 710
706 	 710
707 	 710
4 	 711
235 	 711
237 	 711
239 	 711
472 	 711
474 	 711
476 	 711
707 	 711
