4 	 0
235 	 0
237 	 0
239 	 0
472 	 0
474 	 0
476 	 0
707 	 0
4 	 1
151 	 1
235 	 1
237 	 1
239 	 1
358 	 1
378 	 1
383 	 1
402 	 1
472 	 1
474 	 1
476 	 1
597 	 1
633 	 1
669 	 1
707 	 1
4 	 2
151 	 2
235 	 2
237 	 2
239 	 2
358 	 2
378 	 2
383 	 2
402 	 2
472 	 2
474 	 2
476 	 2
597 	 2
633 	 2
669 	 2
707 	 2
4 	 3
30 	 3
235 	 3
236 	 3
237 	 3
238 	 3
239 	 3
399 	 3
427 	 3
435 	 3
472 	 3
473 	 3
474 	 3
475 	 3
476 	 3
707 	 3
0 	 4
1 	 4
2 	 4
3 	 4
4 	 4
30 	 4
235 	 4
236 	 4
237 	 4
238 	 4
239 	 4
399 	 4
427 	 4
435 	 4
472 	 4
473 	 4
474 	 4
475 	 4
476 	 4
707 	 4
708 	 4
709 	 4
710 	 4
711 	 4
11 	 5
17 	 5
23 	 5
29 	 5
35 	 5
41 	 5
47 	 5
53 	 5
59 	 5
60 	 5
61 	 5
67 	 5
73 	 5
79 	 5
85 	 5
91 	 5
97 	 5
103 	 5
109 	 5
110 	 5
134 	 5
161 	 5
163 	 5
351 	 5
374 	 5
376 	 5
443 	 5
512 	 5
545 	 5
563 	 5
578 	 5
11 	 6
17 	 6
23 	 6
29 	 6
35 	 6
41 	 6
47 	 6
53 	 6
59 	 6
60 	 6
61 	 6
67 	 6
73 	 6
79 	 6
85 	 6
91 	 6
97 	 6
103 	 6
109 	 6
110 	 6
134 	 6
161 	 6
163 	 6
351 	 6
374 	 6
376 	 6
443 	 6
512 	 6
545 	 6
563 	 6
578 	 6
11 	 7
17 	 7
23 	 7
29 	 7
35 	 7
41 	 7
47 	 7
53 	 7
59 	 7
60 	 7
61 	 7
67 	 7
73 	 7
79 	 7
85 	 7
91 	 7
97 	 7
103 	 7
109 	 7
110 	 7
213 	 7
260 	 7
314 	 7
396 	 7
633 	 7
11 	 8
17 	 8
23 	 8
29 	 8
35 	 8
41 	 8
47 	 8
53 	 8
59 	 8
60 	 8
61 	 8
67 	 8
73 	 8
79 	 8
85 	 8
91 	 8
97 	 8
103 	 8
109 	 8
110 	 8
213 	 8
260 	 8
314 	 8
396 	 8
633 	 8
11 	 9
17 	 9
23 	 9
29 	 9
35 	 9
41 	 9
47 	 9
53 	 9
59 	 9
60 	 9
61 	 9
67 	 9
73 	 9
79 	 9
85 	 9
91 	 9
97 	 9
103 	 9
109 	 9
110 	 9
181 	 9
183 	 9
186 	 9
187 	 9
188 	 9
257 	 9
260 	 9
599 	 9
629 	 9
682 	 9
11 	 10
17 	 10
23 	 10
29 	 10
35 	 10
41 	 10
47 	 10
53 	 10
59 	 10
60 	 10
61 	 10
67 	 10
73 	 10
79 	 10
85 	 10
91 	 10
97 	 10
103 	 10
109 	 10
110 	 10
181 	 10
183 	 10
186 	 10
187 	 10
188 	 10
257 	 10
260 	 10
599 	 10
629 	 10
682 	 10
11 	 11
17 	 11
23 	 11
29 	 11
35 	 11
41 	 11
47 	 11
53 	 11
59 	 11
60 	 11
61 	 11
67 	 11
73 	 11
79 	 11
85 	 11
91 	 11
97 	 11
103 	 11
109 	 11
110 	 11
269 	 11
536 	 11
575 	 11
616 	 11
11 	 12
12 	 12
13 	 12
14 	 12
15 	 12
16 	 12
17 	 12
18 	 12
19 	 12
20 	 12
21 	 12
22 	 12
23 	 12
24 	 12
25 	 12
26 	 12
27 	 12
28 	 12
29 	 12
30 	 12
31 	 12
32 	 12
33 	 12
34 	 12
35 	 12
36 	 12
37 	 12
38 	 12
39 	 12
40 	 12
41 	 12
42 	 12
43 	 12
44 	 12
45 	 12
46 	 12
47 	 12
48 	 12
49 	 12
50 	 12
51 	 12
52 	 12
53 	 12
54 	 12
55 	 12
56 	 12
57 	 12
58 	 12
59 	 12
60 	 12
61 	 12
62 	 12
63 	 12
64 	 12
65 	 12
66 	 12
67 	 12
68 	 12
69 	 12
70 	 12
71 	 12
72 	 12
73 	 12
74 	 12
75 	 12
76 	 12
77 	 12
78 	 12
79 	 12
80 	 12
81 	 12
82 	 12
83 	 12
84 	 12
85 	 12
86 	 12
87 	 12
88 	 12
89 	 12
90 	 12
91 	 12
92 	 12
93 	 12
94 	 12
95 	 12
96 	 12
97 	 12
98 	 12
99 	 12
100 	 12
101 	 12
102 	 12
103 	 12
104 	 12
105 	 12
106 	 12
107 	 12
108 	 12
109 	 12
110 	 12
269 	 12
536 	 12
575 	 12
616 	 12
54 	 13
277 	 13
391 	 13
424 	 13
54 	 14
277 	 14
391 	 14
424 	 14
124 	 15
200 	 15
209 	 15
340 	 15
377 	 15
419 	 15
430 	 15
448 	 15
124 	 16
200 	 16
209 	 16
340 	 16
377 	 16
419 	 16
430 	 16
448 	 16
70 	 17
93 	 17
205 	 17
301 	 17
309 	 17
345 	 17
633 	 17
70 	 18
93 	 18
205 	 18
301 	 18
309 	 18
345 	 18
633 	 18
114 	 19
140 	 19
180 	 19
521 	 19
692 	 19
114 	 20
140 	 20
180 	 20
521 	 20
692 	 20
57 	 21
433 	 21
434 	 21
509 	 21
522 	 21
57 	 22
433 	 22
434 	 22
509 	 22
522 	 22
95 	 23
122 	 23
190 	 23
213 	 23
260 	 23
262 	 23
704 	 23
705 	 23
708 	 23
709 	 23
95 	 24
122 	 24
190 	 24
213 	 24
260 	 24
262 	 24
704 	 24
705 	 24
708 	 24
709 	 24
213 	 25
215 	 25
216 	 25
399 	 25
499 	 25
525 	 25
611 	 25
213 	 26
215 	 26
216 	 26
399 	 26
499 	 26
525 	 26
611 	 26
107 	 27
475 	 27
594 	 27
683 	 27
107 	 28
475 	 28
594 	 28
683 	 28
113 	 29
135 	 29
228 	 29
403 	 29
705 	 29
113 	 30
135 	 30
228 	 30
403 	 30
705 	 30
19 	 31
20 	 31
121 	 31
131 	 31
222 	 31
386 	 31
388 	 31
392 	 31
393 	 31
394 	 31
439 	 31
470 	 31
472 	 31
473 	 31
506 	 31
624 	 31
664 	 31
701 	 31
19 	 32
20 	 32
121 	 32
131 	 32
222 	 32
386 	 32
388 	 32
392 	 32
393 	 32
394 	 32
439 	 32
470 	 32
472 	 32
473 	 32
506 	 32
624 	 32
664 	 32
701 	 32
75 	 33
77 	 33
183 	 33
184 	 33
329 	 33
330 	 33
415 	 33
687 	 33
75 	 34
77 	 34
183 	 34
184 	 34
329 	 34
330 	 34
415 	 34
687 	 34
450 	 35
584 	 35
450 	 36
584 	 36
1 	 37
29 	 37
30 	 37
72 	 37
80 	 37
183 	 37
184 	 37
458 	 37
578 	 37
579 	 37
640 	 37
1 	 38
29 	 38
30 	 38
72 	 38
80 	 38
183 	 38
184 	 38
458 	 38
578 	 38
579 	 38
640 	 38
145 	 39
253 	 39
254 	 39
468 	 39
522 	 39
700 	 39
145 	 40
253 	 40
254 	 40
468 	 40
522 	 40
700 	 40
118 	 41
271 	 41
644 	 41
701 	 41
118 	 42
271 	 42
644 	 42
701 	 42
191 	 43
192 	 43
265 	 43
488 	 43
649 	 43
670 	 43
672 	 43
191 	 44
192 	 44
265 	 44
488 	 44
649 	 44
670 	 44
672 	 44
53 	 45
78 	 45
144 	 45
145 	 45
310 	 45
428 	 45
540 	 45
53 	 46
78 	 46
144 	 46
145 	 46
310 	 46
428 	 46
540 	 46
38 	 47
73 	 47
121 	 47
145 	 47
447 	 47
38 	 48
73 	 48
121 	 48
145 	 48
447 	 48
55 	 49
325 	 49
455 	 49
460 	 49
584 	 49
614 	 49
55 	 50
325 	 50
455 	 50
460 	 50
584 	 50
614 	 50
112 	 51
216 	 51
431 	 51
444 	 51
544 	 51
664 	 51
666 	 51
667 	 51
668 	 51
669 	 51
112 	 52
216 	 52
431 	 52
444 	 52
544 	 52
664 	 52
666 	 52
667 	 52
668 	 52
669 	 52
287 	 53
289 	 53
304 	 53
326 	 53
396 	 53
544 	 53
584 	 53
701 	 53
702 	 53
287 	 54
289 	 54
304 	 54
326 	 54
396 	 54
544 	 54
584 	 54
701 	 54
702 	 54
55 	 55
56 	 55
175 	 55
176 	 55
295 	 55
296 	 55
337 	 55
410 	 55
415 	 55
416 	 55
453 	 55
455 	 55
524 	 55
535 	 55
536 	 55
655 	 55
656 	 55
55 	 56
56 	 56
175 	 56
176 	 56
295 	 56
296 	 56
337 	 56
410 	 56
415 	 56
416 	 56
453 	 56
455 	 56
524 	 56
535 	 56
536 	 56
655 	 56
656 	 56
101 	 57
330 	 57
406 	 57
490 	 57
493 	 57
638 	 57
101 	 58
330 	 58
406 	 58
490 	 58
493 	 58
638 	 58
46 	 59
101 	 59
113 	 59
293 	 59
330 	 59
416 	 59
482 	 59
496 	 59
509 	 59
510 	 59
534 	 59
539 	 59
694 	 59
46 	 60
101 	 60
113 	 60
293 	 60
330 	 60
416 	 60
482 	 60
496 	 60
509 	 60
510 	 60
534 	 60
539 	 60
694 	 60
95 	 61
118 	 61
303 	 61
330 	 61
383 	 61
392 	 61
394 	 61
395 	 61
396 	 61
397 	 61
411 	 61
619 	 61
622 	 61
624 	 61
95 	 62
118 	 62
303 	 62
330 	 62
383 	 62
392 	 62
394 	 62
395 	 62
396 	 62
397 	 62
411 	 62
619 	 62
622 	 62
624 	 62
119 	 63
166 	 63
175 	 63
222 	 63
326 	 63
413 	 63
431 	 63
584 	 63
688 	 63
119 	 64
166 	 64
175 	 64
222 	 64
326 	 64
413 	 64
431 	 64
584 	 64
688 	 64
121 	 65
139 	 65
140 	 65
141 	 65
142 	 65
143 	 65
144 	 65
145 	 65
535 	 65
690 	 65
703 	 65
121 	 66
139 	 66
140 	 66
141 	 66
142 	 66
143 	 66
144 	 66
145 	 66
535 	 66
690 	 66
703 	 66
116 	 67
310 	 67
438 	 67
440 	 67
508 	 67
116 	 68
310 	 68
438 	 68
440 	 68
508 	 68
182 	 69
236 	 69
346 	 69
182 	 70
236 	 70
346 	 70
465 	 71
498 	 71
505 	 71
593 	 71
658 	 71
659 	 71
465 	 72
498 	 72
505 	 72
593 	 72
658 	 72
659 	 72
5 	 73
7 	 73
343 	 73
418 	 73
421 	 73
540 	 73
591 	 73
598 	 73
691 	 73
708 	 73
5 	 74
7 	 74
343 	 74
418 	 74
421 	 74
540 	 74
591 	 74
598 	 74
691 	 74
708 	 74
150 	 75
152 	 75
222 	 75
530 	 75
582 	 75
583 	 75
584 	 75
585 	 75
586 	 75
587 	 75
588 	 75
679 	 75
707 	 75
709 	 75
710 	 75
150 	 76
152 	 76
222 	 76
530 	 76
582 	 76
583 	 76
584 	 76
585 	 76
586 	 76
587 	 76
588 	 76
679 	 76
707 	 76
709 	 76
710 	 76
10 	 77
261 	 77
289 	 77
290 	 77
405 	 77
641 	 77
654 	 77
10 	 78
261 	 78
289 	 78
290 	 78
405 	 78
641 	 78
654 	 78
1 	 79
38 	 79
325 	 79
376 	 79
377 	 79
567 	 79
621 	 79
623 	 79
624 	 79
649 	 79
669 	 79
670 	 79
671 	 79
672 	 79
673 	 79
674 	 79
675 	 79
676 	 79
1 	 80
38 	 80
325 	 80
376 	 80
377 	 80
567 	 80
621 	 80
623 	 80
624 	 80
649 	 80
669 	 80
670 	 80
671 	 80
672 	 80
673 	 80
674 	 80
675 	 80
676 	 80
10 	 81
11 	 81
12 	 81
16 	 81
17 	 81
62 	 81
67 	 81
68 	 81
83 	 81
215 	 81
303 	 81
446 	 81
565 	 81
10 	 82
11 	 82
12 	 82
16 	 82
17 	 82
62 	 82
67 	 82
68 	 82
83 	 82
215 	 82
303 	 82
446 	 82
565 	 82
278 	 83
313 	 83
689 	 83
690 	 83
692 	 83
693 	 83
278 	 84
313 	 84
689 	 84
690 	 84
692 	 84
693 	 84
10 	 85
91 	 85
92 	 85
471 	 85
10 	 86
91 	 86
92 	 86
471 	 86
28 	 87
62 	 87
116 	 87
168 	 87
282 	 87
525 	 87
570 	 87
589 	 87
618 	 87
630 	 87
28 	 88
62 	 88
116 	 88
168 	 88
282 	 88
525 	 88
570 	 88
589 	 88
618 	 88
630 	 88
1 	 89
20 	 89
25 	 89
58 	 89
59 	 89
75 	 89
76 	 89
79 	 89
122 	 89
123 	 89
194 	 89
252 	 89
253 	 89
298 	 89
457 	 89
607 	 89
1 	 90
20 	 90
25 	 90
58 	 90
59 	 90
75 	 90
76 	 90
79 	 90
122 	 90
123 	 90
194 	 90
252 	 90
253 	 90
298 	 90
457 	 90
607 	 90
163 	 91
171 	 91
351 	 91
391 	 91
420 	 91
691 	 91
701 	 91
163 	 92
171 	 92
351 	 92
391 	 92
420 	 92
691 	 92
701 	 92
144 	 93
208 	 93
315 	 93
451 	 93
469 	 93
474 	 93
476 	 93
565 	 93
592 	 93
603 	 93
698 	 93
144 	 94
208 	 94
315 	 94
451 	 94
469 	 94
474 	 94
476 	 94
565 	 94
592 	 94
603 	 94
698 	 94
163 	 95
224 	 95
257 	 95
335 	 95
458 	 95
477 	 95
503 	 95
510 	 95
511 	 95
514 	 95
515 	 95
526 	 95
672 	 95
163 	 96
224 	 96
257 	 96
335 	 96
458 	 96
477 	 96
503 	 96
510 	 96
511 	 96
514 	 96
515 	 96
526 	 96
672 	 96
355 	 97
442 	 97
469 	 97
535 	 97
559 	 97
355 	 98
442 	 98
469 	 98
535 	 98
559 	 98
68 	 99
192 	 99
272 	 99
393 	 99
569 	 99
68 	 100
192 	 100
272 	 100
393 	 100
569 	 100
350 	 101
399 	 101
424 	 101
516 	 101
518 	 101
610 	 101
613 	 101
350 	 102
399 	 102
424 	 102
516 	 102
518 	 102
610 	 102
613 	 102
138 	 103
174 	 103
221 	 103
267 	 103
274 	 103
504 	 103
567 	 103
138 	 104
174 	 104
221 	 104
267 	 104
274 	 104
504 	 104
567 	 104
32 	 105
181 	 105
282 	 105
536 	 105
628 	 105
32 	 106
181 	 106
282 	 106
536 	 106
628 	 106
147 	 107
162 	 107
374 	 107
403 	 107
147 	 108
162 	 108
374 	 108
403 	 108
48 	 109
63 	 109
233 	 109
287 	 109
400 	 109
428 	 109
668 	 109
48 	 110
63 	 110
233 	 110
287 	 110
400 	 110
428 	 110
668 	 110
65 	 111
67 	 111
71 	 111
135 	 111
303 	 111
384 	 111
401 	 111
481 	 111
65 	 112
67 	 112
71 	 112
135 	 112
303 	 112
384 	 112
401 	 112
481 	 112
124 	 113
126 	 113
182 	 113
376 	 113
429 	 113
457 	 113
458 	 113
461 	 113
462 	 113
556 	 113
688 	 113
124 	 114
126 	 114
182 	 114
376 	 114
429 	 114
457 	 114
458 	 114
461 	 114
462 	 114
556 	 114
688 	 114
25 	 115
98 	 115
139 	 115
141 	 115
426 	 115
539 	 115
703 	 115
25 	 116
98 	 116
139 	 116
141 	 116
426 	 116
539 	 116
703 	 116
74 	 117
195 	 117
196 	 117
237 	 117
437 	 117
448 	 117
529 	 117
580 	 117
598 	 117
74 	 118
195 	 118
196 	 118
237 	 118
437 	 118
448 	 118
529 	 118
580 	 118
598 	 118
22 	 119
431 	 119
451 	 119
452 	 119
453 	 119
454 	 119
455 	 119
456 	 119
457 	 119
477 	 119
493 	 119
537 	 119
670 	 119
22 	 120
431 	 120
451 	 120
452 	 120
453 	 120
454 	 120
455 	 120
456 	 120
457 	 120
477 	 120
493 	 120
537 	 120
670 	 120
192 	 121
343 	 121
460 	 121
604 	 121
673 	 121
192 	 122
343 	 122
460 	 122
604 	 122
673 	 122
12 	 123
425 	 123
12 	 124
425 	 124
110 	 125
117 	 125
222 	 125
477 	 125
599 	 125
604 	 125
624 	 125
641 	 125
110 	 126
117 	 126
222 	 126
477 	 126
599 	 126
604 	 126
624 	 126
641 	 126
28 	 127
118 	 127
136 	 127
189 	 127
225 	 127
226 	 127
373 	 127
559 	 127
685 	 127
686 	 127
687 	 127
28 	 128
118 	 128
136 	 128
189 	 128
225 	 128
226 	 128
373 	 128
559 	 128
685 	 128
686 	 128
687 	 128
13 	 129
81 	 129
247 	 129
252 	 129
578 	 129
680 	 129
693 	 129
694 	 129
706 	 129
13 	 130
81 	 130
247 	 130
252 	 130
578 	 130
680 	 130
693 	 130
694 	 130
706 	 130
252 	 131
254 	 131
399 	 131
401 	 131
402 	 131
403 	 131
422 	 131
482 	 131
484 	 131
488 	 131
489 	 131
490 	 131
515 	 131
647 	 131
661 	 131
696 	 131
252 	 132
254 	 132
399 	 132
401 	 132
402 	 132
403 	 132
422 	 132
482 	 132
484 	 132
488 	 132
489 	 132
490 	 132
515 	 132
647 	 132
661 	 132
696 	 132
283 	 133
338 	 133
378 	 133
379 	 133
439 	 133
555 	 133
602 	 133
649 	 133
283 	 134
338 	 134
378 	 134
379 	 134
439 	 134
555 	 134
602 	 134
649 	 134
146 	 135
167 	 135
168 	 135
185 	 135
226 	 135
311 	 135
542 	 135
706 	 135
146 	 136
167 	 136
168 	 136
185 	 136
226 	 136
311 	 136
542 	 136
706 	 136
94 	 137
131 	 137
211 	 137
279 	 137
528 	 137
94 	 138
131 	 138
211 	 138
279 	 138
528 	 138
10 	 139
81 	 139
135 	 139
148 	 139
245 	 139
251 	 139
322 	 139
358 	 139
424 	 139
496 	 139
662 	 139
700 	 139
10 	 140
81 	 140
135 	 140
148 	 140
245 	 140
251 	 140
322 	 140
358 	 140
424 	 140
496 	 140
662 	 140
700 	 140
52 	 141
152 	 141
154 	 141
158 	 141
159 	 141
160 	 141
229 	 141
268 	 141
273 	 141
503 	 141
576 	 141
577 	 141
602 	 141
694 	 141
52 	 142
152 	 142
154 	 142
158 	 142
159 	 142
160 	 142
229 	 142
268 	 142
273 	 142
503 	 142
576 	 142
577 	 142
602 	 142
694 	 142
4 	 143
659 	 143
661 	 143
662 	 143
663 	 143
664 	 143
687 	 143
694 	 143
4 	 144
659 	 144
661 	 144
662 	 144
663 	 144
664 	 144
687 	 144
694 	 144
16 	 145
18 	 145
22 	 145
23 	 145
24 	 145
65 	 145
341 	 145
342 	 145
343 	 145
16 	 146
18 	 146
22 	 146
23 	 146
24 	 146
65 	 146
341 	 146
342 	 146
343 	 146
306 	 147
540 	 147
580 	 147
708 	 147
306 	 148
540 	 148
580 	 148
708 	 148
10 	 149
116 	 149
117 	 149
118 	 149
163 	 149
584 	 149
586 	 149
653 	 149
10 	 150
116 	 150
117 	 150
118 	 150
163 	 150
584 	 150
586 	 150
653 	 150
35 	 151
37 	 151
538 	 151
559 	 151
599 	 151
602 	 151
667 	 151
35 	 152
37 	 152
538 	 152
559 	 152
599 	 152
602 	 152
667 	 152
174 	 153
216 	 153
228 	 153
262 	 153
298 	 153
350 	 153
351 	 153
354 	 153
355 	 153
380 	 153
430 	 153
174 	 154
216 	 154
228 	 154
262 	 154
298 	 154
350 	 154
351 	 154
354 	 154
355 	 154
380 	 154
430 	 154
10 	 155
44 	 155
78 	 155
261 	 155
459 	 155
684 	 155
10 	 156
44 	 156
78 	 156
261 	 156
459 	 156
684 	 156
84 	 157
411 	 157
419 	 157
439 	 157
514 	 157
84 	 158
411 	 158
419 	 158
439 	 158
514 	 158
218 	 159
252 	 159
321 	 159
587 	 159
619 	 159
675 	 159
687 	 159
218 	 160
252 	 160
321 	 160
587 	 160
619 	 160
675 	 160
687 	 160
48 	 161
184 	 161
208 	 161
493 	 161
524 	 161
48 	 162
184 	 162
208 	 162
493 	 162
524 	 162
16 	 163
82 	 163
191 	 163
400 	 163
528 	 163
529 	 163
581 	 163
16 	 164
82 	 164
191 	 164
400 	 164
528 	 164
529 	 164
581 	 164
122 	 165
123 	 165
145 	 165
146 	 165
156 	 165
174 	 165
249 	 165
590 	 165
649 	 165
669 	 165
122 	 166
123 	 166
145 	 166
146 	 166
156 	 166
174 	 166
249 	 166
590 	 166
649 	 166
669 	 166
134 	 167
222 	 167
267 	 167
279 	 167
282 	 167
362 	 167
423 	 167
432 	 167
471 	 167
577 	 167
592 	 167
134 	 168
222 	 168
267 	 168
279 	 168
282 	 168
362 	 168
423 	 168
432 	 168
471 	 168
577 	 168
592 	 168
17 	 169
82 	 169
83 	 169
84 	 169
88 	 169
187 	 169
188 	 169
190 	 169
191 	 169
206 	 169
331 	 169
396 	 169
397 	 169
398 	 169
399 	 169
400 	 169
401 	 169
403 	 169
405 	 169
550 	 169
572 	 169
607 	 169
666 	 169
17 	 170
82 	 170
83 	 170
84 	 170
88 	 170
187 	 170
188 	 170
190 	 170
191 	 170
206 	 170
331 	 170
396 	 170
397 	 170
398 	 170
399 	 170
400 	 170
401 	 170
403 	 170
405 	 170
550 	 170
572 	 170
607 	 170
666 	 170
208 	 171
242 	 171
361 	 171
483 	 171
485 	 171
490 	 171
492 	 171
495 	 171
496 	 171
497 	 171
547 	 171
555 	 171
208 	 172
242 	 172
361 	 172
483 	 172
485 	 172
490 	 172
492 	 172
495 	 172
496 	 172
497 	 172
547 	 172
555 	 172
39 	 173
384 	 173
602 	 173
689 	 173
39 	 174
384 	 174
602 	 174
689 	 174
55 	 175
56 	 175
68 	 175
175 	 175
176 	 175
295 	 175
296 	 175
324 	 175
415 	 175
416 	 175
443 	 175
497 	 175
535 	 175
536 	 175
539 	 175
655 	 175
656 	 175
55 	 176
56 	 176
68 	 176
175 	 176
176 	 176
295 	 176
296 	 176
324 	 176
415 	 176
416 	 176
443 	 176
497 	 176
535 	 176
536 	 176
539 	 176
655 	 176
656 	 176
73 	 177
102 	 177
103 	 177
185 	 177
364 	 177
379 	 177
455 	 177
537 	 177
617 	 177
73 	 178
102 	 178
103 	 178
185 	 178
364 	 178
379 	 178
455 	 178
537 	 178
617 	 178
74 	 179
256 	 179
302 	 179
304 	 179
305 	 179
309 	 179
343 	 179
448 	 179
483 	 179
604 	 179
658 	 179
74 	 180
256 	 180
302 	 180
304 	 180
305 	 180
309 	 180
343 	 180
448 	 180
483 	 180
604 	 180
658 	 180
13 	 181
15 	 181
16 	 181
293 	 181
305 	 181
306 	 181
307 	 181
308 	 181
309 	 181
310 	 181
311 	 181
312 	 181
342 	 181
391 	 181
401 	 181
404 	 181
424 	 181
535 	 181
625 	 181
13 	 182
15 	 182
16 	 182
293 	 182
305 	 182
306 	 182
307 	 182
308 	 182
309 	 182
310 	 182
311 	 182
312 	 182
342 	 182
391 	 182
401 	 182
404 	 182
424 	 182
535 	 182
625 	 182
112 	 183
462 	 183
494 	 183
540 	 183
112 	 184
462 	 184
494 	 184
540 	 184
30 	 185
31 	 185
32 	 185
36 	 185
40 	 185
41 	 185
287 	 185
448 	 185
659 	 185
30 	 186
31 	 186
32 	 186
36 	 186
40 	 186
41 	 186
287 	 186
448 	 186
659 	 186
64 	 187
163 	 187
239 	 187
332 	 187
335 	 187
436 	 187
480 	 187
64 	 188
163 	 188
239 	 188
332 	 188
335 	 188
436 	 188
480 	 188
212 	 189
303 	 189
332 	 189
359 	 189
408 	 189
409 	 189
410 	 189
411 	 189
412 	 189
413 	 189
414 	 189
594 	 189
618 	 189
619 	 189
620 	 189
621 	 189
622 	 189
623 	 189
624 	 189
625 	 189
626 	 189
627 	 189
628 	 189
629 	 189
630 	 189
631 	 189
632 	 189
634 	 189
635 	 189
636 	 189
637 	 189
638 	 189
705 	 189
212 	 190
303 	 190
332 	 190
359 	 190
408 	 190
409 	 190
410 	 190
411 	 190
412 	 190
413 	 190
414 	 190
594 	 190
618 	 190
619 	 190
620 	 190
621 	 190
622 	 190
623 	 190
624 	 190
625 	 190
626 	 190
627 	 190
628 	 190
629 	 190
630 	 190
631 	 190
632 	 190
634 	 190
635 	 190
636 	 190
637 	 190
638 	 190
705 	 190
11 	 191
97 	 191
105 	 191
254 	 191
315 	 191
453 	 191
473 	 191
610 	 191
699 	 191
11 	 192
97 	 192
105 	 192
254 	 192
315 	 192
453 	 192
473 	 192
610 	 192
699 	 192
145 	 193
152 	 193
243 	 193
397 	 193
145 	 194
152 	 194
243 	 194
397 	 194
196 	 195
413 	 195
415 	 195
649 	 195
666 	 195
196 	 196
413 	 196
415 	 196
649 	 196
666 	 196
132 	 197
217 	 197
273 	 197
507 	 197
132 	 198
217 	 198
273 	 198
507 	 198
96 	 199
222 	 199
329 	 199
331 	 199
516 	 199
96 	 200
222 	 200
329 	 200
331 	 200
516 	 200
371 	 201
625 	 201
626 	 201
627 	 201
628 	 201
629 	 201
630 	 201
631 	 201
683 	 201
371 	 202
625 	 202
626 	 202
627 	 202
628 	 202
629 	 202
630 	 202
631 	 202
683 	 202
24 	 203
25 	 203
26 	 203
44 	 203
106 	 203
107 	 203
109 	 203
152 	 203
207 	 203
294 	 203
465 	 203
601 	 203
651 	 203
24 	 204
25 	 204
26 	 204
44 	 204
106 	 204
107 	 204
109 	 204
152 	 204
207 	 204
294 	 204
465 	 204
601 	 204
651 	 204
161 	 205
206 	 205
212 	 205
226 	 205
329 	 205
455 	 205
642 	 205
161 	 206
206 	 206
212 	 206
226 	 206
329 	 206
455 	 206
642 	 206
90 	 207
105 	 207
345 	 207
355 	 207
420 	 207
647 	 207
90 	 208
105 	 208
345 	 208
355 	 208
420 	 208
647 	 208
118 	 209
119 	 209
252 	 209
254 	 209
255 	 209
257 	 209
286 	 209
508 	 209
510 	 209
511 	 209
512 	 209
513 	 209
514 	 209
515 	 209
516 	 209
517 	 209
518 	 209
519 	 209
520 	 209
521 	 209
522 	 209
523 	 209
526 	 209
527 	 209
528 	 209
529 	 209
531 	 209
563 	 209
626 	 209
708 	 209
118 	 210
119 	 210
252 	 210
254 	 210
255 	 210
257 	 210
286 	 210
508 	 210
510 	 210
511 	 210
512 	 210
513 	 210
514 	 210
515 	 210
516 	 210
517 	 210
518 	 210
519 	 210
520 	 210
521 	 210
522 	 210
523 	 210
526 	 210
527 	 210
528 	 210
529 	 210
531 	 210
563 	 210
626 	 210
708 	 210
67 	 211
295 	 211
378 	 211
67 	 212
295 	 212
378 	 212
85 	 213
357 	 213
639 	 213
85 	 214
357 	 214
639 	 214
79 	 215
253 	 215
388 	 215
489 	 215
517 	 215
636 	 215
79 	 216
253 	 216
388 	 216
489 	 216
517 	 216
636 	 216
39 	 217
58 	 217
93 	 217
210 	 217
310 	 217
311 	 217
432 	 217
688 	 217
690 	 217
39 	 218
58 	 218
93 	 218
210 	 218
310 	 218
311 	 218
432 	 218
688 	 218
690 	 218
309 	 219
383 	 219
398 	 219
568 	 219
627 	 219
660 	 219
309 	 220
383 	 220
398 	 220
568 	 220
627 	 220
660 	 220
92 	 221
131 	 221
466 	 221
571 	 221
626 	 221
92 	 222
131 	 222
466 	 222
571 	 222
626 	 222
31 	 223
113 	 223
622 	 223
634 	 223
31 	 224
113 	 224
622 	 224
634 	 224
39 	 225
40 	 225
63 	 225
234 	 225
277 	 225
278 	 225
384 	 225
477 	 225
507 	 225
647 	 225
39 	 226
40 	 226
63 	 226
234 	 226
277 	 226
278 	 226
384 	 226
477 	 226
507 	 226
647 	 226
35 	 227
37 	 227
137 	 227
364 	 227
389 	 227
459 	 227
562 	 227
35 	 228
37 	 228
137 	 228
364 	 228
389 	 228
459 	 228
562 	 228
1 	 229
197 	 229
453 	 229
678 	 229
710 	 229
0 	 230
1 	 230
197 	 230
453 	 230
678 	 230
710 	 230
711 	 230
1 	 231
429 	 231
456 	 231
559 	 231
601 	 231
710 	 231
1 	 232
429 	 232
456 	 232
559 	 232
601 	 232
710 	 232
1 	 233
93 	 233
217 	 233
228 	 233
467 	 233
468 	 233
710 	 233
1 	 234
93 	 234
217 	 234
228 	 234
467 	 234
468 	 234
710 	 234
1 	 235
27 	 235
296 	 235
359 	 235
360 	 235
387 	 235
710 	 235
1 	 236
27 	 236
296 	 236
359 	 236
360 	 236
387 	 236
710 	 236
1 	 237
120 	 237
121 	 237
173 	 237
469 	 237
470 	 237
473 	 237
474 	 237
668 	 237
710 	 237
0 	 238
1 	 238
120 	 238
121 	 238
173 	 238
469 	 238
470 	 238
473 	 238
474 	 238
668 	 238
710 	 238
711 	 238
55 	 239
259 	 239
55 	 240
259 	 240
143 	 241
192 	 241
230 	 241
417 	 241
513 	 241
557 	 241
574 	 241
625 	 241
700 	 241
143 	 242
192 	 242
230 	 242
417 	 242
513 	 242
557 	 242
574 	 242
625 	 242
700 	 242
63 	 243
80 	 243
101 	 243
102 	 243
398 	 243
464 	 243
523 	 243
524 	 243
525 	 243
556 	 243
647 	 243
63 	 244
80 	 244
101 	 244
102 	 244
398 	 244
464 	 244
523 	 244
524 	 244
525 	 244
556 	 244
647 	 244
9 	 245
76 	 245
112 	 245
209 	 245
210 	 245
211 	 245
213 	 245
214 	 245
215 	 245
216 	 245
234 	 245
294 	 245
366 	 245
412 	 245
648 	 245
696 	 245
9 	 246
76 	 246
112 	 246
209 	 246
210 	 246
211 	 246
213 	 246
214 	 246
215 	 246
216 	 246
234 	 246
294 	 246
366 	 246
412 	 246
648 	 246
696 	 246
60 	 247
64 	 247
404 	 247
414 	 247
415 	 247
416 	 247
417 	 247
418 	 247
419 	 247
420 	 247
422 	 247
516 	 247
584 	 247
696 	 247
702 	 247
703 	 247
60 	 248
64 	 248
404 	 248
414 	 248
415 	 248
416 	 248
417 	 248
418 	 248
419 	 248
420 	 248
422 	 248
516 	 248
584 	 248
696 	 248
702 	 248
703 	 248
97 	 249
121 	 249
140 	 249
193 	 249
282 	 249
283 	 249
284 	 249
288 	 249
418 	 249
574 	 249
97 	 250
121 	 250
140 	 250
193 	 250
282 	 250
283 	 250
284 	 250
288 	 250
418 	 250
574 	 250
23 	 251
109 	 251
290 	 251
303 	 251
327 	 251
608 	 251
648 	 251
23 	 252
109 	 252
290 	 252
303 	 252
327 	 252
608 	 252
648 	 252
78 	 253
172 	 253
253 	 253
298 	 253
299 	 253
471 	 253
559 	 253
632 	 253
651 	 253
78 	 254
172 	 254
253 	 254
298 	 254
299 	 254
471 	 254
559 	 254
632 	 254
651 	 254
20 	 255
345 	 255
383 	 255
393 	 255
629 	 255
631 	 255
632 	 255
20 	 256
345 	 256
383 	 256
393 	 256
629 	 256
631 	 256
632 	 256
205 	 257
205 	 258
328 	 259
329 	 259
338 	 259
339 	 259
341 	 259
454 	 259
528 	 259
530 	 259
531 	 259
532 	 259
533 	 259
534 	 259
535 	 259
536 	 259
537 	 259
538 	 259
539 	 259
540 	 259
541 	 259
542 	 259
543 	 259
545 	 259
546 	 259
547 	 259
548 	 259
550 	 259
553 	 259
660 	 259
328 	 260
329 	 260
338 	 260
339 	 260
341 	 260
454 	 260
528 	 260
530 	 260
531 	 260
532 	 260
533 	 260
534 	 260
535 	 260
536 	 260
537 	 260
538 	 260
539 	 260
540 	 260
541 	 260
542 	 260
543 	 260
545 	 260
546 	 260
547 	 260
548 	 260
550 	 260
553 	 260
660 	 260
521 	 261
546 	 261
660 	 261
521 	 262
546 	 262
660 	 262
235 	 263
305 	 263
694 	 263
695 	 263
696 	 263
235 	 264
305 	 264
694 	 264
695 	 264
696 	 264
25 	 265
164 	 265
166 	 265
177 	 265
178 	 265
234 	 265
538 	 265
704 	 265
25 	 266
164 	 266
166 	 266
177 	 266
178 	 266
234 	 266
538 	 266
704 	 266
346 	 267
512 	 267
346 	 268
512 	 268
130 	 269
313 	 269
427 	 269
444 	 269
577 	 269
694 	 269
130 	 270
313 	 270
427 	 270
444 	 270
577 	 270
694 	 270
75 	 271
76 	 271
78 	 271
145 	 271
271 	 271
502 	 271
599 	 271
705 	 271
75 	 272
76 	 272
78 	 272
145 	 272
271 	 272
502 	 272
599 	 272
705 	 272
123 	 273
135 	 273
341 	 273
392 	 273
482 	 273
483 	 273
525 	 273
537 	 273
553 	 273
123 	 274
135 	 274
341 	 274
392 	 274
482 	 274
483 	 274
525 	 274
537 	 274
553 	 274
362 	 275
390 	 275
654 	 275
663 	 275
362 	 276
390 	 276
654 	 276
663 	 276
150 	 277
182 	 277
196 	 277
253 	 277
150 	 278
182 	 278
196 	 278
253 	 278
3 	 279
55 	 279
122 	 279
183 	 279
218 	 279
292 	 279
314 	 279
361 	 279
406 	 279
3 	 280
55 	 280
122 	 280
183 	 280
218 	 280
292 	 280
314 	 280
361 	 280
406 	 280
69 	 281
70 	 281
71 	 281
78 	 281
80 	 281
81 	 281
82 	 281
83 	 281
84 	 281
85 	 281
86 	 281
87 	 281
88 	 281
89 	 281
90 	 281
91 	 281
92 	 281
93 	 281
96 	 281
97 	 281
98 	 281
99 	 281
101 	 281
109 	 281
112 	 281
463 	 281
529 	 281
552 	 281
651 	 281
652 	 281
654 	 281
69 	 282
70 	 282
71 	 282
78 	 282
80 	 282
81 	 282
82 	 282
83 	 282
84 	 282
85 	 282
86 	 282
87 	 282
88 	 282
89 	 282
90 	 282
91 	 282
92 	 282
93 	 282
96 	 282
97 	 282
98 	 282
99 	 282
101 	 282
109 	 282
112 	 282
463 	 282
529 	 282
552 	 282
651 	 282
652 	 282
654 	 282
38 	 283
68 	 283
139 	 283
141 	 283
142 	 283
143 	 283
144 	 283
218 	 283
298 	 283
342 	 283
343 	 283
527 	 283
540 	 283
633 	 283
634 	 283
635 	 283
636 	 283
637 	 283
638 	 283
639 	 283
38 	 284
68 	 284
139 	 284
141 	 284
142 	 284
143 	 284
144 	 284
218 	 284
298 	 284
342 	 284
343 	 284
527 	 284
540 	 284
633 	 284
634 	 284
635 	 284
636 	 284
637 	 284
638 	 284
639 	 284
89 	 285
91 	 285
92 	 285
123 	 285
124 	 285
537 	 285
89 	 286
91 	 286
92 	 286
123 	 286
124 	 286
537 	 286
147 	 287
199 	 287
264 	 287
265 	 287
267 	 287
328 	 287
353 	 287
464 	 287
465 	 287
466 	 287
469 	 287
471 	 287
537 	 287
623 	 287
147 	 288
199 	 288
264 	 288
265 	 288
267 	 288
328 	 288
353 	 288
464 	 288
465 	 288
466 	 288
469 	 288
471 	 288
537 	 288
623 	 288
1 	 289
14 	 289
67 	 289
157 	 289
204 	 289
233 	 289
322 	 289
323 	 289
324 	 289
325 	 289
326 	 289
327 	 289
328 	 289
329 	 289
330 	 289
331 	 289
332 	 289
333 	 289
334 	 289
335 	 289
336 	 289
337 	 289
338 	 289
339 	 289
340 	 289
341 	 289
342 	 289
343 	 289
344 	 289
345 	 289
346 	 289
347 	 289
348 	 289
349 	 289
350 	 289
351 	 289
352 	 289
353 	 289
354 	 289
355 	 289
356 	 289
357 	 289
358 	 289
359 	 289
360 	 289
361 	 289
362 	 289
363 	 289
364 	 289
365 	 289
366 	 289
367 	 289
368 	 289
369 	 289
370 	 289
371 	 289
372 	 289
373 	 289
374 	 289
375 	 289
376 	 289
377 	 289
378 	 289
379 	 289
380 	 289
381 	 289
382 	 289
383 	 289
384 	 289
385 	 289
386 	 289
387 	 289
388 	 289
389 	 289
390 	 289
391 	 289
392 	 289
393 	 289
394 	 289
426 	 289
434 	 289
475 	 289
476 	 289
536 	 289
558 	 289
559 	 289
561 	 289
562 	 289
564 	 289
565 	 289
566 	 289
567 	 289
568 	 289
569 	 289
570 	 289
571 	 289
572 	 289
573 	 289
574 	 289
575 	 289
576 	 289
577 	 289
578 	 289
579 	 289
1 	 290
14 	 290
67 	 290
157 	 290
204 	 290
233 	 290
322 	 290
328 	 290
334 	 290
340 	 290
346 	 290
352 	 290
358 	 290
364 	 290
370 	 290
376 	 290
382 	 290
388 	 290
394 	 290
426 	 290
434 	 290
475 	 290
476 	 290
536 	 290
558 	 290
559 	 290
561 	 290
562 	 290
564 	 290
565 	 290
566 	 290
567 	 290
568 	 290
569 	 290
570 	 290
571 	 290
572 	 290
573 	 290
574 	 290
575 	 290
576 	 290
577 	 290
578 	 290
579 	 290
24 	 291
26 	 291
100 	 291
139 	 291
140 	 291
142 	 291
143 	 291
148 	 291
322 	 291
328 	 291
334 	 291
340 	 291
346 	 291
352 	 291
358 	 291
364 	 291
370 	 291
376 	 291
382 	 291
388 	 291
394 	 291
515 	 291
593 	 291
607 	 291
639 	 291
24 	 292
26 	 292
100 	 292
139 	 292
140 	 292
142 	 292
143 	 292
148 	 292
322 	 292
328 	 292
334 	 292
340 	 292
346 	 292
352 	 292
358 	 292
364 	 292
370 	 292
376 	 292
382 	 292
388 	 292
394 	 292
515 	 292
593 	 292
607 	 292
639 	 292
155 	 293
322 	 293
328 	 293
334 	 293
340 	 293
346 	 293
352 	 293
358 	 293
364 	 293
370 	 293
376 	 293
382 	 293
388 	 293
394 	 293
410 	 293
623 	 293
155 	 294
322 	 294
328 	 294
334 	 294
340 	 294
346 	 294
352 	 294
358 	 294
364 	 294
370 	 294
376 	 294
382 	 294
388 	 294
394 	 294
410 	 294
623 	 294
12 	 295
55 	 295
56 	 295
151 	 295
175 	 295
176 	 295
177 	 295
178 	 295
179 	 295
180 	 295
181 	 295
182 	 295
183 	 295
184 	 295
255 	 295
264 	 295
295 	 295
296 	 295
392 	 295
396 	 295
415 	 295
416 	 295
462 	 295
488 	 295
535 	 295
536 	 295
552 	 295
568 	 295
655 	 295
656 	 295
12 	 296
55 	 296
56 	 296
151 	 296
175 	 296
176 	 296
177 	 296
178 	 296
179 	 296
180 	 296
181 	 296
182 	 296
183 	 296
184 	 296
255 	 296
264 	 296
295 	 296
296 	 296
392 	 296
396 	 296
415 	 296
416 	 296
462 	 296
488 	 296
535 	 296
536 	 296
552 	 296
568 	 296
655 	 296
656 	 296
283 	 297
285 	 297
366 	 297
442 	 297
283 	 298
285 	 298
366 	 298
442 	 298
192 	 299
349 	 299
350 	 299
567 	 299
668 	 299
192 	 300
349 	 300
350 	 300
567 	 300
668 	 300
55 	 301
60 	 301
61 	 301
62 	 301
178 	 301
179 	 301
204 	 301
217 	 301
240 	 301
242 	 301
246 	 301
247 	 301
248 	 301
474 	 301
541 	 301
660 	 301
55 	 302
60 	 302
61 	 302
62 	 302
178 	 302
179 	 302
204 	 302
217 	 302
240 	 302
242 	 302
246 	 302
247 	 302
248 	 302
474 	 302
541 	 302
660 	 302
158 	 303
179 	 303
199 	 303
223 	 303
430 	 303
464 	 303
638 	 303
158 	 304
179 	 304
199 	 304
223 	 304
430 	 304
464 	 304
638 	 304
60 	 305
61 	 305
62 	 305
210 	 305
339 	 305
341 	 305
392 	 305
591 	 305
670 	 305
60 	 306
61 	 306
62 	 306
210 	 306
339 	 306
341 	 306
392 	 306
591 	 306
670 	 306
113 	 307
166 	 307
168 	 307
246 	 307
315 	 307
345 	 307
398 	 307
448 	 307
487 	 307
615 	 307
638 	 307
113 	 308
166 	 308
168 	 308
246 	 308
315 	 308
345 	 308
398 	 308
448 	 308
487 	 308
615 	 308
638 	 308
81 	 309
82 	 309
195 	 309
247 	 309
614 	 309
619 	 309
636 	 309
81 	 310
82 	 310
195 	 310
247 	 310
614 	 310
619 	 310
636 	 310
103 	 311
211 	 311
233 	 311
240 	 311
350 	 311
569 	 311
103 	 312
211 	 312
233 	 312
240 	 312
350 	 312
569 	 312
134 	 313
319 	 313
324 	 313
385 	 313
445 	 313
631 	 313
134 	 314
319 	 314
324 	 314
385 	 314
445 	 314
631 	 314
68 	 315
158 	 315
587 	 315
649 	 315
655 	 315
709 	 315
68 	 316
158 	 316
587 	 316
649 	 316
655 	 316
709 	 316
31 	 317
87 	 317
91 	 317
104 	 317
209 	 317
265 	 317
301 	 317
419 	 317
469 	 317
534 	 317
544 	 317
612 	 317
614 	 317
31 	 318
87 	 318
91 	 318
104 	 318
209 	 318
265 	 318
301 	 318
419 	 318
469 	 318
534 	 318
544 	 318
612 	 318
614 	 318
452 	 319
622 	 319
452 	 320
622 	 320
236 	 321
240 	 321
242 	 321
243 	 321
244 	 321
245 	 321
246 	 321
247 	 321
248 	 321
249 	 321
250 	 321
251 	 321
252 	 321
253 	 321
254 	 321
255 	 321
258 	 321
259 	 321
260 	 321
261 	 321
263 	 321
537 	 321
694 	 321
236 	 322
240 	 322
242 	 322
243 	 322
244 	 322
245 	 322
246 	 322
247 	 322
248 	 322
249 	 322
250 	 322
251 	 322
252 	 322
253 	 322
254 	 322
255 	 322
258 	 322
259 	 322
260 	 322
261 	 322
263 	 322
537 	 322
694 	 322
89 	 323
221 	 323
305 	 323
408 	 323
449 	 323
549 	 323
608 	 323
637 	 323
650 	 323
691 	 323
89 	 324
221 	 324
305 	 324
408 	 324
449 	 324
549 	 324
608 	 324
637 	 324
650 	 324
691 	 324
254 	 325
420 	 325
421 	 325
499 	 325
706 	 325
254 	 326
420 	 326
421 	 326
499 	 326
706 	 326
228 	 327
257 	 327
279 	 327
428 	 327
228 	 328
257 	 328
279 	 328
428 	 328
124 	 329
147 	 329
265 	 329
307 	 329
498 	 329
500 	 329
535 	 329
632 	 329
650 	 329
124 	 330
147 	 330
265 	 330
307 	 330
498 	 330
500 	 330
535 	 330
632 	 330
650 	 330
34 	 331
58 	 331
183 	 331
185 	 331
186 	 331
219 	 331
265 	 331
266 	 331
305 	 331
307 	 331
308 	 331
312 	 331
352 	 331
355 	 331
357 	 331
432 	 331
551 	 331
34 	 332
58 	 332
183 	 332
185 	 332
186 	 332
219 	 332
265 	 332
266 	 332
305 	 332
307 	 332
308 	 332
312 	 332
352 	 332
355 	 332
357 	 332
432 	 332
551 	 332
5 	 333
46 	 333
65 	 333
250 	 333
275 	 333
295 	 333
342 	 333
407 	 333
409 	 333
410 	 333
444 	 333
446 	 333
469 	 333
470 	 333
473 	 333
474 	 333
518 	 333
644 	 333
5 	 334
46 	 334
65 	 334
250 	 334
275 	 334
295 	 334
342 	 334
407 	 334
409 	 334
410 	 334
444 	 334
446 	 334
469 	 334
470 	 334
473 	 334
474 	 334
518 	 334
644 	 334
31 	 335
173 	 335
243 	 335
315 	 335
401 	 335
631 	 335
31 	 336
173 	 336
243 	 336
315 	 336
401 	 336
631 	 336
701 	 337
707 	 337
701 	 338
707 	 338
112 	 339
209 	 339
252 	 339
325 	 339
522 	 339
598 	 339
633 	 339
112 	 340
209 	 340
252 	 340
325 	 340
522 	 340
598 	 340
633 	 340
13 	 341
16 	 341
288 	 341
298 	 341
708 	 341
13 	 342
16 	 342
288 	 342
298 	 342
708 	 342
54 	 343
83 	 343
99 	 343
122 	 343
166 	 343
312 	 343
413 	 343
503 	 343
524 	 343
597 	 343
631 	 343
54 	 344
83 	 344
99 	 344
122 	 344
166 	 344
312 	 344
413 	 344
503 	 344
524 	 344
597 	 344
631 	 344
123 	 345
409 	 345
466 	 345
549 	 345
622 	 345
123 	 346
409 	 346
466 	 346
549 	 346
622 	 346
212 	 347
343 	 347
613 	 347
212 	 348
343 	 348
613 	 348
65 	 349
173 	 349
513 	 349
540 	 349
620 	 349
621 	 349
656 	 349
679 	 349
682 	 349
700 	 349
708 	 349
65 	 350
173 	 350
513 	 350
540 	 350
620 	 350
621 	 350
656 	 350
679 	 350
682 	 350
700 	 350
708 	 350
187 	 351
189 	 351
243 	 351
307 	 351
429 	 351
430 	 351
545 	 351
629 	 351
187 	 352
189 	 352
243 	 352
307 	 352
429 	 352
430 	 352
545 	 352
629 	 352
82 	 353
95 	 353
125 	 353
187 	 353
235 	 353
353 	 353
356 	 353
613 	 353
620 	 353
696 	 353
82 	 354
95 	 354
125 	 354
187 	 354
235 	 354
353 	 354
613 	 354
620 	 354
696 	 354
354 	 355
355 	 355
357 	 355
358 	 355
109 	 357
231 	 357
232 	 357
266 	 357
272 	 357
323 	 357
418 	 357
440 	 357
489 	 357
501 	 357
503 	 357
506 	 357
507 	 357
508 	 357
707 	 357
109 	 358
231 	 358
232 	 358
266 	 358
272 	 358
323 	 358
418 	 358
440 	 358
489 	 358
501 	 358
503 	 358
506 	 358
507 	 358
508 	 358
707 	 358
13 	 359
228 	 359
241 	 359
251 	 359
359 	 359
438 	 359
440 	 359
551 	 359
585 	 359
594 	 359
595 	 359
13 	 360
228 	 360
241 	 360
251 	 360
359 	 360
438 	 360
440 	 360
551 	 360
585 	 360
594 	 360
595 	 360
492 	 361
550 	 361
604 	 361
492 	 362
550 	 362
604 	 362
49 	 363
51 	 363
102 	 363
180 	 363
418 	 363
525 	 363
529 	 363
671 	 363
692 	 363
49 	 364
51 	 364
102 	 364
180 	 364
418 	 364
525 	 364
529 	 364
671 	 364
692 	 364
2 	 365
3 	 365
100 	 365
114 	 365
348 	 365
381 	 365
2 	 366
3 	 366
100 	 366
114 	 366
348 	 366
381 	 366
255 	 367
274 	 367
275 	 367
321 	 367
607 	 367
649 	 367
255 	 368
274 	 368
275 	 368
321 	 368
607 	 368
649 	 368
43 	 369
448 	 369
484 	 369
686 	 369
687 	 369
43 	 370
448 	 370
484 	 370
686 	 370
687 	 370
29 	 371
229 	 371
350 	 371
352 	 371
406 	 371
29 	 372
229 	 372
350 	 372
352 	 372
406 	 372
141 	 373
210 	 373
211 	 373
226 	 373
240 	 373
262 	 373
264 	 373
281 	 373
354 	 373
493 	 373
624 	 373
643 	 373
651 	 373
690 	 373
141 	 374
210 	 374
211 	 374
226 	 374
240 	 374
262 	 374
264 	 374
281 	 374
354 	 374
493 	 374
624 	 374
643 	 374
651 	 374
690 	 374
93 	 375
172 	 375
321 	 375
345 	 375
93 	 376
172 	 376
321 	 376
345 	 376
44 	 377
90 	 377
92 	 377
93 	 377
217 	 377
435 	 377
578 	 377
636 	 377
651 	 377
653 	 377
654 	 377
673 	 377
688 	 377
44 	 378
90 	 378
92 	 378
93 	 378
217 	 378
435 	 378
578 	 378
636 	 378
651 	 378
653 	 378
654 	 378
673 	 378
688 	 378
147 	 379
409 	 379
693 	 379
147 	 380
409 	 380
693 	 380
402 	 381
525 	 381
547 	 381
615 	 381
626 	 381
675 	 381
402 	 382
525 	 382
547 	 382
615 	 382
626 	 382
675 	 382
146 	 383
460 	 383
477 	 383
656 	 383
658 	 383
689 	 383
146 	 384
460 	 384
477 	 384
656 	 384
658 	 384
689 	 384
47 	 385
115 	 385
246 	 385
311 	 385
352 	 385
368 	 385
510 	 385
528 	 385
567 	 385
700 	 385
702 	 385
703 	 385
704 	 385
705 	 385
47 	 386
115 	 386
246 	 386
311 	 386
352 	 386
368 	 386
510 	 386
528 	 386
567 	 386
700 	 386
702 	 386
703 	 386
704 	 386
705 	 386
70 	 387
99 	 387
182 	 387
209 	 387
241 	 387
334 	 387
486 	 387
511 	 387
523 	 387
678 	 387
710 	 387
70 	 388
99 	 388
182 	 388
209 	 388
241 	 388
334 	 388
486 	 388
511 	 388
523 	 388
678 	 388
710 	 388
37 	 389
131 	 389
296 	 389
310 	 389
498 	 389
37 	 390
131 	 390
296 	 390
310 	 390
498 	 390
3 	 391
123 	 391
530 	 391
541 	 391
580 	 391
601 	 391
602 	 391
603 	 391
604 	 391
605 	 391
606 	 391
608 	 391
610 	 391
630 	 391
664 	 391
665 	 391
3 	 392
123 	 392
530 	 392
541 	 392
580 	 392
601 	 392
602 	 392
603 	 392
604 	 392
605 	 392
606 	 392
608 	 392
610 	 392
630 	 392
664 	 392
665 	 392
242 	 393
306 	 393
397 	 393
496 	 393
516 	 393
630 	 393
242 	 394
306 	 394
397 	 394
496 	 394
516 	 394
630 	 394
11 	 395
154 	 395
223 	 395
282 	 395
450 	 395
451 	 395
452 	 395
456 	 395
588 	 395
701 	 395
702 	 395
703 	 395
11 	 396
154 	 396
223 	 396
282 	 396
450 	 396
451 	 396
452 	 396
456 	 396
588 	 396
701 	 396
702 	 396
703 	 396
27 	 397
45 	 397
46 	 397
47 	 397
56 	 397
473 	 397
548 	 397
550 	 397
551 	 397
553 	 397
27 	 398
45 	 398
46 	 398
47 	 398
56 	 398
473 	 398
548 	 398
550 	 398
551 	 398
553 	 398
98 	 399
196 	 399
226 	 399
274 	 399
464 	 399
549 	 399
590 	 399
702 	 399
98 	 400
196 	 400
226 	 400
274 	 400
464 	 400
549 	 400
590 	 400
702 	 400
94 	 401
95 	 401
237 	 401
261 	 401
286 	 401
350 	 401
396 	 401
466 	 401
551 	 401
614 	 401
669 	 401
94 	 402
95 	 402
237 	 402
261 	 402
286 	 402
350 	 402
396 	 402
466 	 402
551 	 402
614 	 402
669 	 402
83 	 403
242 	 403
343 	 403
397 	 403
645 	 403
648 	 403
697 	 403
83 	 404
242 	 404
343 	 404
397 	 404
645 	 404
648 	 404
697 	 404
210 	 405
223 	 405
381 	 405
389 	 405
391 	 405
392 	 405
393 	 405
394 	 405
431 	 405
454 	 405
626 	 405
210 	 406
223 	 406
381 	 406
389 	 406
391 	 406
392 	 406
393 	 406
394 	 406
431 	 406
454 	 406
626 	 406
50 	 407
236 	 407
283 	 407
451 	 407
507 	 407
691 	 407
50 	 408
236 	 408
283 	 408
451 	 408
507 	 408
691 	 408
10 	 409
314 	 409
315 	 409
316 	 409
317 	 409
318 	 409
319 	 409
321 	 409
323 	 409
408 	 409
594 	 409
614 	 409
618 	 409
619 	 409
641 	 409
642 	 409
649 	 409
685 	 409
10 	 410
314 	 410
315 	 410
316 	 410
317 	 410
318 	 410
319 	 410
321 	 410
323 	 410
408 	 410
594 	 410
614 	 410
618 	 410
619 	 410
641 	 410
642 	 410
649 	 410
685 	 410
72 	 411
141 	 411
209 	 411
211 	 411
212 	 411
311 	 411
357 	 411
379 	 411
491 	 411
492 	 411
643 	 411
663 	 411
72 	 412
141 	 412
209 	 412
211 	 412
212 	 412
311 	 412
357 	 412
379 	 412
491 	 412
492 	 412
643 	 412
663 	 412
27 	 413
165 	 413
204 	 413
229 	 413
292 	 413
294 	 413
325 	 413
422 	 413
493 	 413
588 	 413
638 	 413
27 	 414
165 	 414
204 	 414
229 	 414
292 	 414
294 	 414
325 	 414
422 	 414
493 	 414
588 	 414
638 	 414
55 	 415
56 	 415
175 	 415
176 	 415
222 	 415
276 	 415
285 	 415
286 	 415
287 	 415
295 	 415
296 	 415
415 	 415
416 	 415
535 	 415
536 	 415
655 	 415
656 	 415
55 	 416
56 	 416
175 	 416
176 	 416
222 	 416
276 	 416
285 	 416
286 	 416
287 	 416
295 	 416
296 	 416
415 	 416
416 	 416
535 	 416
536 	 416
655 	 416
656 	 416
225 	 417
347 	 417
348 	 417
349 	 417
350 	 417
351 	 417
352 	 417
353 	 417
354 	 417
355 	 417
356 	 417
357 	 417
358 	 417
359 	 417
360 	 417
361 	 417
362 	 417
363 	 417
364 	 417
365 	 417
366 	 417
465 	 417
484 	 417
497 	 417
498 	 417
556 	 417
602 	 417
700 	 417
702 	 417
225 	 418
347 	 418
348 	 418
349 	 418
350 	 418
351 	 418
352 	 418
353 	 418
354 	 418
355 	 418
356 	 418
357 	 418
358 	 418
359 	 418
360 	 418
361 	 418
362 	 418
363 	 418
364 	 418
365 	 418
366 	 418
465 	 418
484 	 418
497 	 418
498 	 418
556 	 418
602 	 418
700 	 418
702 	 418
59 	 419
127 	 419
164 	 419
216 	 419
309 	 419
347 	 419
348 	 419
349 	 419
350 	 419
351 	 419
352 	 419
353 	 419
354 	 419
355 	 419
356 	 419
357 	 419
358 	 419
359 	 419
360 	 419
361 	 419
362 	 419
363 	 419
364 	 419
365 	 419
366 	 419
407 	 419
572 	 419
647 	 419
679 	 419
685 	 419
59 	 420
127 	 420
164 	 420
216 	 420
309 	 420
347 	 420
348 	 420
349 	 420
350 	 420
351 	 420
352 	 420
353 	 420
354 	 420
355 	 420
356 	 420
357 	 420
358 	 420
359 	 420
360 	 420
361 	 420
362 	 420
363 	 420
364 	 420
365 	 420
366 	 420
407 	 420
572 	 420
647 	 420
679 	 420
685 	 420
44 	 421
191 	 421
199 	 421
347 	 421
348 	 421
349 	 421
350 	 421
351 	 421
352 	 421
353 	 421
354 	 421
355 	 421
356 	 421
357 	 421
358 	 421
359 	 421
360 	 421
361 	 421
362 	 421
363 	 421
364 	 421
365 	 421
366 	 421
511 	 421
556 	 421
563 	 421
614 	 421
697 	 421
44 	 422
191 	 422
199 	 422
347 	 422
348 	 422
349 	 422
350 	 422
351 	 422
352 	 422
353 	 422
354 	 422
355 	 422
356 	 422
357 	 422
358 	 422
359 	 422
360 	 422
361 	 422
362 	 422
363 	 422
364 	 422
365 	 422
366 	 422
511 	 422
556 	 422
563 	 422
614 	 422
697 	 422
118 	 423
134 	 423
186 	 423
232 	 423
242 	 423
246 	 423
255 	 423
262 	 423
347 	 423
348 	 423
349 	 423
350 	 423
351 	 423
352 	 423
353 	 423
354 	 423
355 	 423
356 	 423
357 	 423
358 	 423
359 	 423
360 	 423
361 	 423
362 	 423
363 	 423
364 	 423
365 	 423
366 	 423
422 	 423
537 	 423
614 	 423
646 	 423
118 	 424
134 	 424
186 	 424
232 	 424
242 	 424
246 	 424
255 	 424
262 	 424
347 	 424
348 	 424
349 	 424
350 	 424
351 	 424
352 	 424
353 	 424
354 	 424
355 	 424
356 	 424
357 	 424
358 	 424
359 	 424
360 	 424
361 	 424
362 	 424
363 	 424
364 	 424
365 	 424
366 	 424
422 	 424
537 	 424
614 	 424
646 	 424
15 	 425
94 	 425
301 	 425
347 	 425
348 	 425
349 	 425
350 	 425
351 	 425
352 	 425
353 	 425
354 	 425
355 	 425
356 	 425
357 	 425
358 	 425
359 	 425
360 	 425
361 	 425
362 	 425
363 	 425
364 	 425
365 	 425
366 	 425
412 	 425
513 	 425
15 	 426
94 	 426
301 	 426
347 	 426
348 	 426
349 	 426
350 	 426
351 	 426
352 	 426
353 	 426
354 	 426
355 	 426
356 	 426
357 	 426
358 	 426
359 	 426
360 	 426
361 	 426
362 	 426
363 	 426
364 	 426
365 	 426
366 	 426
412 	 426
513 	 426
50 	 427
288 	 427
347 	 427
348 	 427
349 	 427
350 	 427
351 	 427
352 	 427
353 	 427
354 	 427
355 	 427
356 	 427
357 	 427
358 	 427
359 	 427
360 	 427
361 	 427
362 	 427
363 	 427
364 	 427
365 	 427
366 	 427
452 	 427
457 	 427
50 	 428
288 	 428
347 	 428
348 	 428
349 	 428
350 	 428
351 	 428
352 	 428
353 	 428
354 	 428
355 	 428
356 	 428
357 	 428
358 	 428
359 	 428
360 	 428
361 	 428
362 	 428
363 	 428
364 	 428
365 	 428
366 	 428
452 	 428
457 	 428
38 	 429
72 	 429
241 	 429
329 	 429
347 	 429
348 	 429
349 	 429
350 	 429
351 	 429
352 	 429
353 	 429
354 	 429
355 	 429
356 	 429
357 	 429
358 	 429
359 	 429
360 	 429
361 	 429
362 	 429
363 	 429
364 	 429
365 	 429
366 	 429
422 	 429
432 	 429
523 	 429
557 	 429
558 	 429
611 	 429
38 	 430
72 	 430
241 	 430
329 	 430
347 	 430
348 	 430
349 	 430
350 	 430
351 	 430
352 	 430
353 	 430
354 	 430
355 	 430
356 	 430
357 	 430
358 	 430
359 	 430
360 	 430
361 	 430
362 	 430
363 	 430
364 	 430
365 	 430
366 	 430
422 	 430
432 	 430
523 	 430
557 	 430
558 	 430
611 	 430
193 	 431
266 	 431
347 	 431
348 	 431
349 	 431
350 	 431
351 	 431
352 	 431
353 	 431
354 	 431
355 	 431
356 	 431
357 	 431
358 	 431
359 	 431
360 	 431
361 	 431
362 	 431
363 	 431
364 	 431
365 	 431
366 	 431
193 	 432
266 	 432
347 	 432
348 	 432
349 	 432
350 	 432
351 	 432
352 	 432
353 	 432
354 	 432
355 	 432
356 	 432
357 	 432
358 	 432
359 	 432
360 	 432
361 	 432
362 	 432
363 	 432
364 	 432
365 	 432
366 	 432
243 	 433
305 	 433
347 	 433
348 	 433
349 	 433
350 	 433
351 	 433
352 	 433
353 	 433
354 	 433
355 	 433
356 	 433
357 	 433
358 	 433
359 	 433
360 	 433
361 	 433
362 	 433
363 	 433
364 	 433
365 	 433
366 	 433
372 	 433
705 	 433
243 	 434
305 	 434
347 	 434
348 	 434
349 	 434
350 	 434
351 	 434
352 	 434
353 	 434
354 	 434
355 	 434
356 	 434
357 	 434
358 	 434
359 	 434
360 	 434
361 	 434
362 	 434
363 	 434
364 	 434
365 	 434
366 	 434
372 	 434
705 	 434
238 	 435
347 	 435
348 	 435
349 	 435
350 	 435
351 	 435
352 	 435
353 	 435
354 	 435
355 	 435
356 	 435
357 	 435
358 	 435
359 	 435
360 	 435
361 	 435
362 	 435
363 	 435
364 	 435
365 	 435
366 	 435
395 	 435
442 	 435
536 	 435
238 	 436
347 	 436
348 	 436
349 	 436
350 	 436
351 	 436
352 	 436
353 	 436
354 	 436
355 	 436
356 	 436
357 	 436
358 	 436
359 	 436
360 	 436
361 	 436
362 	 436
363 	 436
364 	 436
365 	 436
366 	 436
395 	 436
442 	 436
536 	 436
33 	 437
85 	 437
103 	 437
107 	 437
263 	 437
347 	 437
348 	 437
349 	 437
350 	 437
351 	 437
352 	 437
353 	 437
354 	 437
355 	 437
356 	 437
357 	 437
358 	 437
359 	 437
360 	 437
361 	 437
362 	 437
363 	 437
364 	 437
365 	 437
366 	 437
390 	 437
436 	 437
33 	 438
85 	 438
103 	 438
107 	 438
263 	 438
347 	 438
348 	 438
349 	 438
350 	 438
351 	 438
352 	 438
353 	 438
354 	 438
355 	 438
356 	 438
357 	 438
358 	 438
359 	 438
360 	 438
361 	 438
362 	 438
363 	 438
364 	 438
365 	 438
366 	 438
390 	 438
436 	 438
17 	 439
49 	 439
51 	 439
222 	 439
224 	 439
391 	 439
560 	 439
680 	 439
682 	 439
17 	 440
49 	 440
51 	 440
222 	 440
224 	 440
391 	 440
560 	 440
680 	 440
682 	 440
282 	 441
361 	 441
430 	 441
462 	 441
681 	 441
696 	 441
282 	 442
361 	 442
430 	 442
462 	 442
681 	 442
696 	 442
6 	 443
476 	 443
595 	 443
623 	 443
702 	 443
6 	 444
476 	 444
595 	 444
623 	 444
702 	 444
62 	 445
77 	 445
385 	 445
386 	 445
399 	 445
423 	 445
424 	 445
425 	 445
426 	 445
427 	 445
428 	 445
429 	 445
438 	 445
613 	 445
615 	 445
620 	 445
648 	 445
675 	 445
62 	 446
77 	 446
385 	 446
386 	 446
399 	 446
423 	 446
424 	 446
425 	 446
426 	 446
427 	 446
428 	 446
429 	 446
438 	 446
613 	 446
615 	 446
620 	 446
648 	 446
675 	 446
175 	 447
185 	 447
187 	 447
301 	 447
425 	 447
624 	 447
630 	 447
648 	 447
175 	 448
185 	 448
187 	 448
301 	 448
425 	 448
624 	 448
630 	 448
648 	 448
23 	 449
27 	 449
260 	 449
501 	 449
703 	 449
23 	 450
27 	 450
260 	 450
501 	 450
703 	 450
120 	 451
178 	 451
289 	 451
404 	 451
611 	 451
643 	 451
120 	 452
178 	 452
289 	 452
404 	 452
611 	 452
643 	 452
34 	 453
65 	 453
302 	 453
374 	 453
380 	 453
34 	 454
65 	 454
302 	 454
374 	 454
380 	 454
36 	 457
87 	 457
93 	 457
147 	 457
347 	 457
377 	 457
418 	 457
420 	 457
504 	 457
522 	 457
708 	 457
36 	 458
87 	 458
93 	 458
147 	 458
347 	 458
377 	 458
418 	 458
420 	 458
504 	 458
522 	 458
708 	 458
66 	 459
91 	 459
225 	 459
288 	 459
331 	 459
333 	 459
360 	 459
473 	 459
475 	 459
523 	 459
545 	 459
546 	 459
600 	 459
705 	 459
66 	 460
91 	 460
225 	 460
288 	 460
331 	 460
333 	 460
360 	 460
473 	 460
475 	 460
523 	 460
545 	 460
546 	 460
600 	 460
705 	 460
2 	 461
29 	 461
131 	 461
203 	 461
204 	 461
214 	 461
308 	 461
497 	 461
637 	 461
2 	 462
29 	 462
131 	 462
203 	 462
204 	 462
214 	 462
308 	 462
497 	 462
637 	 462
281 	 463
328 	 463
405 	 463
471 	 463
521 	 463
683 	 463
281 	 464
328 	 464
405 	 464
471 	 464
521 	 464
683 	 464
0 	 465
1 	 465
4 	 465
21 	 465
45 	 465
59 	 465
60 	 465
62 	 465
265 	 465
288 	 465
289 	 465
322 	 465
386 	 465
413 	 465
506 	 465
572 	 465
592 	 465
710 	 465
711 	 465
1 	 466
4 	 466
21 	 466
45 	 466
59 	 466
60 	 466
62 	 466
265 	 466
288 	 466
289 	 466
322 	 466
386 	 466
413 	 466
506 	 466
572 	 466
592 	 466
710 	 466
1 	 467
152 	 467
270 	 467
271 	 467
416 	 467
524 	 467
560 	 467
710 	 467
1 	 468
152 	 468
270 	 468
271 	 468
416 	 468
524 	 468
560 	 468
710 	 468
1 	 469
160 	 469
218 	 469
300 	 469
315 	 469
319 	 469
394 	 469
395 	 469
396 	 469
397 	 469
406 	 469
465 	 469
467 	 469
473 	 469
492 	 469
526 	 469
598 	 469
618 	 469
627 	 469
629 	 469
630 	 469
631 	 469
632 	 469
633 	 469
634 	 469
635 	 469
636 	 469
637 	 469
638 	 469
639 	 469
640 	 469
641 	 469
642 	 469
645 	 469
646 	 469
647 	 469
648 	 469
650 	 469
669 	 469
671 	 469
710 	 469
1 	 470
160 	 470
218 	 470
300 	 470
315 	 470
319 	 470
394 	 470
395 	 470
396 	 470
397 	 470
406 	 470
465 	 470
467 	 470
473 	 470
492 	 470
526 	 470
598 	 470
618 	 470
627 	 470
629 	 470
630 	 470
631 	 470
632 	 470
633 	 470
634 	 470
635 	 470
636 	 470
637 	 470
638 	 470
639 	 470
640 	 470
641 	 470
642 	 470
645 	 470
646 	 470
647 	 470
648 	 470
650 	 470
669 	 470
671 	 470
710 	 470
1 	 471
109 	 471
138 	 471
139 	 471
141 	 471
226 	 471
285 	 471
299 	 471
391 	 471
710 	 471
1 	 472
109 	 472
138 	 472
139 	 472
141 	 472
226 	 472
285 	 472
299 	 472
391 	 472
710 	 472
0 	 473
1 	 473
352 	 473
608 	 473
701 	 473
710 	 473
711 	 473
1 	 474
352 	 474
608 	 474
701 	 474
710 	 474
17 	 475
56 	 475
402 	 475
404 	 475
644 	 475
699 	 475
17 	 476
56 	 476
402 	 476
404 	 476
644 	 476
699 	 476
29 	 477
52 	 477
96 	 477
114 	 477
147 	 477
207 	 477
269 	 477
270 	 477
380 	 477
613 	 477
631 	 477
632 	 477
633 	 477
634 	 477
636 	 477
637 	 477
638 	 477
639 	 477
29 	 478
52 	 478
96 	 478
114 	 478
147 	 478
207 	 478
269 	 478
270 	 478
380 	 478
613 	 478
631 	 478
632 	 478
633 	 478
634 	 478
636 	 478
637 	 478
638 	 478
639 	 478
13 	 479
60 	 479
61 	 479
62 	 479
63 	 479
64 	 479
65 	 479
66 	 479
67 	 479
68 	 479
69 	 479
70 	 479
71 	 479
72 	 479
73 	 479
74 	 479
76 	 479
77 	 479
78 	 479
79 	 479
81 	 479
201 	 479
567 	 479
703 	 479
13 	 480
60 	 480
61 	 480
62 	 480
63 	 480
64 	 480
65 	 480
66 	 480
67 	 480
68 	 480
69 	 480
70 	 480
71 	 480
72 	 480
73 	 480
74 	 480
76 	 480
77 	 480
78 	 480
79 	 480
81 	 480
201 	 480
567 	 480
703 	 480
20 	 481
21 	 481
223 	 481
20 	 482
21 	 482
223 	 482
11 	 483
41 	 483
250 	 483
276 	 483
11 	 484
41 	 484
250 	 484
276 	 484
4 	 485
41 	 485
465 	 485
589 	 485
4 	 486
41 	 486
465 	 486
589 	 486
18 	 487
75 	 487
189 	 487
302 	 487
394 	 487
580 	 487
710 	 487
18 	 488
75 	 488
189 	 488
302 	 488
394 	 488
580 	 488
710 	 488
59 	 489
186 	 489
188 	 489
189 	 489
274 	 489
277 	 489
278 	 489
607 	 489
689 	 489
59 	 490
186 	 490
188 	 490
189 	 490
274 	 490
277 	 490
278 	 490
607 	 490
689 	 490
227 	 491
449 	 491
567 	 491
637 	 491
638 	 491
227 	 492
449 	 492
567 	 492
637 	 492
638 	 492
222 	 493
655 	 493
222 	 494
655 	 494
283 	 495
284 	 495
285 	 495
286 	 495
287 	 495
288 	 495
289 	 495
290 	 495
298 	 495
306 	 495
623 	 495
283 	 496
284 	 496
285 	 496
286 	 496
287 	 496
288 	 496
289 	 496
290 	 496
298 	 496
306 	 496
623 	 496
58 	 497
110 	 497
168 	 497
355 	 497
356 	 497
606 	 497
653 	 497
58 	 498
110 	 498
168 	 498
355 	 498
356 	 498
606 	 498
653 	 498
80 	 499
440 	 499
80 	 500
440 	 500
210 	 501
210 	 502
215 	 503
284 	 503
375 	 503
494 	 503
548 	 503
582 	 503
693 	 503
215 	 504
284 	 504
375 	 504
494 	 504
548 	 504
582 	 504
693 	 504
155 	 505
181 	 505
326 	 505
368 	 505
459 	 505
672 	 505
155 	 506
181 	 506
326 	 506
368 	 506
459 	 506
672 	 506
22 	 507
25 	 507
392 	 507
428 	 507
433 	 507
22 	 508
25 	 508
392 	 508
428 	 508
433 	 508
134 	 509
135 	 509
274 	 509
487 	 509
619 	 509
679 	 509
134 	 510
135 	 510
274 	 510
487 	 510
619 	 510
679 	 510
222 	 511
352 	 511
398 	 511
496 	 511
619 	 511
692 	 511
222 	 512
352 	 512
398 	 512
496 	 512
619 	 512
692 	 512
73 	 513
141 	 513
406 	 513
407 	 513
408 	 513
410 	 513
411 	 513
518 	 513
534 	 513
681 	 513
73 	 514
141 	 514
406 	 514
407 	 514
408 	 514
410 	 514
411 	 514
518 	 514
534 	 514
681 	 514
155 	 515
210 	 515
228 	 515
236 	 515
155 	 516
210 	 516
228 	 516
236 	 516
125 	 517
323 	 517
324 	 517
325 	 517
326 	 517
327 	 517
328 	 517
329 	 517
330 	 517
331 	 517
332 	 517
333 	 517
334 	 517
335 	 517
336 	 517
337 	 517
339 	 517
340 	 517
341 	 517
342 	 517
344 	 517
406 	 517
545 	 517
620 	 517
633 	 517
673 	 517
125 	 518
323 	 518
324 	 518
325 	 518
326 	 518
327 	 518
328 	 518
329 	 518
330 	 518
331 	 518
332 	 518
333 	 518
334 	 518
335 	 518
336 	 518
337 	 518
339 	 518
340 	 518
341 	 518
342 	 518
344 	 518
406 	 518
545 	 518
620 	 518
633 	 518
673 	 518
29 	 519
45 	 519
230 	 519
473 	 519
554 	 519
609 	 519
652 	 519
660 	 519
681 	 519
700 	 519
701 	 519
29 	 520
45 	 520
230 	 520
473 	 520
554 	 520
609 	 520
652 	 520
660 	 520
681 	 520
700 	 520
701 	 520
118 	 521
164 	 521
336 	 521
686 	 521
118 	 522
164 	 522
336 	 522
686 	 522
47 	 523
84 	 523
181 	 523
379 	 523
526 	 523
636 	 523
47 	 524
84 	 524
181 	 524
379 	 524
526 	 524
636 	 524
82 	 525
183 	 525
568 	 525
701 	 525
82 	 526
183 	 526
568 	 526
701 	 526
25 	 527
62 	 527
172 	 527
235 	 527
340 	 527
595 	 527
634 	 527
25 	 528
62 	 528
172 	 528
235 	 528
340 	 528
595 	 528
634 	 528
52 	 529
53 	 529
55 	 529
117 	 529
150 	 529
170 	 529
197 	 529
199 	 529
201 	 529
326 	 529
511 	 529
522 	 529
649 	 529
52 	 530
53 	 530
55 	 530
117 	 530
150 	 530
170 	 530
197 	 530
199 	 530
201 	 530
326 	 530
511 	 530
522 	 530
649 	 530
4 	 531
100 	 531
210 	 531
213 	 531
373 	 531
374 	 531
390 	 531
558 	 531
559 	 531
561 	 531
579 	 531
644 	 531
4 	 532
100 	 532
210 	 532
213 	 532
373 	 532
374 	 532
390 	 532
558 	 532
559 	 532
561 	 532
579 	 532
644 	 532
129 	 533
199 	 533
272 	 533
524 	 533
667 	 533
129 	 534
199 	 534
272 	 534
524 	 534
667 	 534
16 	 535
55 	 535
56 	 535
133 	 535
175 	 535
176 	 535
219 	 535
295 	 535
296 	 535
384 	 535
391 	 535
415 	 535
416 	 535
433 	 535
506 	 535
507 	 535
535 	 535
536 	 535
633 	 535
655 	 535
656 	 535
677 	 535
16 	 536
55 	 536
56 	 536
133 	 536
175 	 536
176 	 536
219 	 536
295 	 536
296 	 536
384 	 536
391 	 536
415 	 536
416 	 536
433 	 536
506 	 536
507 	 536
535 	 536
536 	 536
633 	 536
655 	 536
656 	 536
677 	 536
12 	 537
41 	 537
197 	 537
283 	 537
358 	 537
368 	 537
443 	 537
453 	 537
503 	 537
575 	 537
592 	 537
12 	 538
41 	 538
197 	 538
283 	 538
358 	 538
368 	 538
443 	 538
453 	 538
503 	 538
575 	 538
592 	 538
90 	 539
123 	 539
168 	 539
170 	 539
248 	 539
358 	 539
377 	 539
469 	 539
503 	 539
583 	 539
655 	 539
686 	 539
90 	 540
123 	 540
168 	 540
170 	 540
248 	 540
358 	 540
377 	 540
469 	 540
503 	 540
583 	 540
655 	 540
686 	 540
38 	 541
360 	 541
464 	 541
465 	 541
466 	 541
467 	 541
468 	 541
469 	 541
471 	 541
473 	 541
513 	 541
515 	 541
603 	 541
690 	 541
38 	 542
360 	 542
464 	 542
465 	 542
466 	 542
467 	 542
468 	 542
469 	 542
471 	 542
473 	 542
513 	 542
515 	 542
603 	 542
690 	 542
100 	 543
105 	 543
135 	 543
136 	 543
146 	 543
183 	 543
386 	 543
499 	 543
512 	 543
608 	 543
100 	 544
105 	 544
135 	 544
136 	 544
146 	 544
183 	 544
386 	 544
499 	 544
512 	 544
608 	 544
245 	 545
280 	 545
387 	 545
389 	 545
529 	 545
643 	 545
670 	 545
245 	 546
280 	 546
387 	 546
389 	 546
529 	 546
643 	 546
670 	 546
387 	 547
562 	 547
613 	 547
677 	 547
686 	 547
387 	 548
562 	 548
613 	 548
677 	 548
686 	 548
26 	 549
28 	 549
182 	 549
231 	 549
308 	 549
464 	 549
703 	 549
26 	 550
28 	 550
182 	 550
231 	 550
308 	 550
464 	 550
703 	 550
30 	 551
76 	 551
82 	 551
129 	 551
138 	 551
167 	 551
362 	 551
364 	 551
394 	 551
513 	 551
570 	 551
671 	 551
30 	 552
76 	 552
82 	 552
129 	 552
138 	 552
167 	 552
362 	 552
364 	 552
394 	 552
513 	 552
570 	 552
671 	 552
21 	 553
42 	 553
288 	 553
558 	 553
679 	 553
21 	 554
42 	 554
288 	 554
558 	 554
679 	 554
14 	 555
15 	 555
379 	 555
534 	 555
556 	 555
14 	 556
15 	 556
379 	 556
534 	 556
556 	 556
5 	 557
127 	 557
152 	 557
184 	 557
286 	 557
403 	 557
510 	 557
512 	 557
566 	 557
5 	 558
127 	 558
152 	 558
184 	 558
286 	 558
403 	 558
510 	 558
512 	 558
566 	 558
113 	 559
138 	 559
157 	 559
158 	 559
159 	 559
365 	 559
448 	 559
113 	 560
138 	 560
157 	 560
158 	 560
159 	 560
365 	 560
448 	 560
5 	 561
266 	 561
397 	 561
5 	 562
266 	 562
397 	 562
143 	 563
370 	 563
371 	 563
372 	 563
524 	 563
143 	 564
370 	 564
371 	 564
372 	 564
524 	 564
330 	 565
362 	 565
534 	 565
575 	 565
588 	 565
330 	 566
362 	 566
534 	 566
575 	 566
588 	 566
203 	 567
534 	 567
571 	 567
203 	 568
534 	 568
571 	 568
148 	 569
296 	 569
503 	 569
504 	 569
148 	 570
296 	 570
503 	 570
504 	 570
15 	 571
17 	 571
127 	 571
386 	 571
422 	 571
425 	 571
514 	 571
15 	 572
17 	 572
127 	 572
386 	 572
422 	 572
425 	 572
514 	 572
168 	 573
377 	 573
378 	 573
379 	 573
168 	 574
377 	 574
378 	 574
379 	 574
49 	 575
74 	 575
131 	 575
180 	 575
182 	 575
365 	 575
493 	 575
495 	 575
506 	 575
507 	 575
666 	 575
667 	 575
49 	 576
74 	 576
131 	 576
180 	 576
182 	 576
365 	 576
493 	 576
495 	 576
506 	 576
507 	 576
666 	 576
667 	 576
20 	 577
96 	 577
143 	 577
206 	 577
211 	 577
271 	 577
311 	 577
353 	 577
584 	 577
20 	 578
96 	 578
143 	 578
206 	 578
211 	 578
271 	 578
311 	 578
353 	 578
584 	 578
2 	 579
196 	 579
275 	 579
277 	 579
299 	 579
300 	 579
302 	 579
303 	 579
305 	 579
306 	 579
307 	 579
308 	 579
539 	 579
588 	 579
616 	 579
668 	 579
2 	 580
196 	 580
275 	 580
277 	 580
299 	 580
300 	 580
302 	 580
303 	 580
305 	 580
306 	 580
307 	 580
308 	 580
539 	 580
588 	 580
616 	 580
668 	 580
148 	 581
149 	 581
170 	 581
301 	 581
315 	 581
362 	 581
383 	 581
407 	 581
631 	 581
656 	 581
705 	 581
706 	 581
708 	 581
148 	 582
149 	 582
170 	 582
301 	 582
315 	 582
362 	 582
383 	 582
407 	 582
631 	 582
656 	 582
705 	 582
706 	 582
708 	 582
137 	 583
191 	 583
196 	 583
197 	 583
210 	 583
365 	 583
378 	 583
451 	 583
566 	 583
633 	 583
137 	 584
191 	 584
196 	 584
197 	 584
210 	 584
365 	 584
378 	 584
451 	 584
566 	 584
633 	 584
94 	 585
95 	 585
121 	 585
311 	 585
330 	 585
631 	 585
94 	 586
95 	 586
121 	 586
311 	 586
330 	 586
631 	 586
39 	 587
41 	 587
42 	 587
43 	 587
111 	 587
133 	 587
369 	 587
557 	 587
560 	 587
567 	 587
660 	 587
693 	 587
39 	 588
41 	 588
42 	 588
43 	 588
111 	 588
133 	 588
369 	 588
557 	 588
560 	 588
567 	 588
660 	 588
693 	 588
59 	 589
60 	 589
78 	 589
185 	 589
193 	 589
272 	 589
306 	 589
307 	 589
337 	 589
358 	 589
364 	 589
410 	 589
491 	 589
562 	 589
688 	 589
690 	 589
691 	 589
59 	 590
60 	 590
78 	 590
185 	 590
193 	 590
272 	 590
306 	 590
307 	 590
337 	 590
358 	 590
364 	 590
410 	 590
491 	 590
562 	 590
688 	 590
690 	 590
691 	 590
93 	 591
182 	 591
257 	 591
258 	 591
281 	 591
330 	 591
676 	 591
93 	 592
182 	 592
257 	 592
258 	 592
281 	 592
330 	 592
676 	 592
141 	 593
314 	 593
315 	 593
317 	 593
329 	 593
331 	 593
590 	 593
596 	 593
609 	 593
141 	 594
314 	 594
315 	 594
317 	 594
329 	 594
331 	 594
590 	 594
596 	 594
609 	 594
14 	 595
290 	 595
417 	 595
456 	 595
560 	 595
686 	 595
14 	 596
290 	 596
417 	 596
456 	 596
560 	 596
686 	 596
118 	 597
130 	 597
137 	 597
208 	 597
258 	 597
335 	 597
337 	 597
338 	 597
498 	 597
118 	 598
130 	 598
137 	 598
208 	 598
258 	 598
335 	 598
337 	 598
338 	 598
498 	 598
13 	 599
84 	 599
230 	 599
231 	 599
232 	 599
233 	 599
234 	 599
235 	 599
236 	 599
240 	 599
332 	 599
334 	 599
392 	 599
497 	 599
526 	 599
661 	 599
13 	 600
84 	 600
230 	 600
231 	 600
232 	 600
233 	 600
234 	 600
235 	 600
236 	 600
240 	 600
332 	 600
334 	 600
392 	 600
497 	 600
526 	 600
661 	 600
10 	 601
34 	 601
140 	 601
366 	 601
662 	 601
686 	 601
10 	 602
34 	 602
140 	 602
366 	 602
662 	 602
686 	 602
105 	 603
124 	 603
652 	 603
661 	 603
662 	 603
664 	 603
105 	 604
124 	 604
652 	 604
661 	 604
662 	 604
664 	 604
99 	 605
245 	 605
269 	 605
455 	 605
525 	 605
610 	 605
668 	 605
99 	 606
245 	 606
269 	 606
455 	 606
525 	 606
610 	 606
668 	 606
104 	 607
139 	 607
236 	 607
315 	 607
335 	 607
428 	 607
429 	 607
430 	 607
433 	 607
472 	 607
473 	 607
549 	 607
640 	 607
651 	 607
104 	 608
139 	 608
236 	 608
315 	 608
335 	 608
428 	 608
429 	 608
430 	 608
433 	 608
472 	 608
473 	 608
549 	 608
640 	 608
651 	 608
26 	 609
154 	 609
318 	 609
427 	 609
429 	 609
447 	 609
475 	 609
696 	 609
26 	 610
154 	 610
318 	 610
427 	 610
429 	 610
447 	 610
475 	 610
696 	 610
66 	 611
305 	 611
354 	 611
443 	 611
457 	 611
459 	 611
460 	 611
461 	 611
462 	 611
463 	 611
464 	 611
465 	 611
466 	 611
467 	 611
468 	 611
469 	 611
470 	 611
471 	 611
472 	 611
475 	 611
476 	 611
477 	 611
478 	 611
480 	 611
544 	 611
550 	 611
573 	 611
638 	 611
700 	 611
66 	 612
305 	 612
354 	 612
443 	 612
457 	 612
459 	 612
460 	 612
461 	 612
462 	 612
463 	 612
464 	 612
465 	 612
466 	 612
467 	 612
468 	 612
469 	 612
470 	 612
471 	 612
472 	 612
475 	 612
476 	 612
477 	 612
478 	 612
480 	 612
544 	 612
550 	 612
573 	 612
638 	 612
700 	 612
62 	 613
168 	 613
249 	 613
372 	 613
439 	 613
440 	 613
441 	 613
442 	 613
443 	 613
444 	 613
445 	 613
529 	 613
531 	 613
581 	 613
588 	 613
630 	 613
675 	 613
677 	 613
689 	 613
62 	 614
168 	 614
249 	 614
372 	 614
439 	 614
440 	 614
441 	 614
442 	 614
443 	 614
444 	 614
445 	 614
529 	 614
531 	 614
581 	 614
588 	 614
630 	 614
675 	 614
677 	 614
689 	 614
35 	 615
315 	 615
382 	 615
458 	 615
518 	 615
519 	 615
573 	 615
655 	 615
657 	 615
685 	 615
35 	 616
315 	 616
382 	 616
458 	 616
518 	 616
519 	 616
573 	 616
655 	 616
657 	 616
685 	 616
21 	 617
80 	 617
178 	 617
244 	 617
245 	 617
343 	 617
352 	 617
627 	 617
21 	 618
80 	 618
178 	 618
244 	 618
245 	 618
343 	 618
352 	 618
627 	 618
28 	 619
30 	 619
33 	 619
34 	 619
35 	 619
101 	 619
320 	 619
545 	 619
28 	 620
30 	 620
33 	 620
34 	 620
35 	 620
101 	 620
320 	 620
545 	 620
2 	 621
77 	 621
257 	 621
316 	 621
337 	 621
661 	 621
2 	 622
77 	 622
257 	 622
316 	 622
337 	 622
661 	 622
22 	 623
171 	 623
198 	 623
447 	 623
630 	 623
658 	 623
670 	 623
693 	 623
22 	 624
171 	 624
198 	 624
447 	 624
630 	 624
658 	 624
670 	 624
693 	 624
172 	 627
173 	 627
174 	 627
177 	 627
180 	 627
181 	 627
182 	 627
187 	 627
372 	 627
374 	 627
429 	 627
513 	 627
172 	 628
173 	 628
174 	 628
177 	 628
180 	 628
181 	 628
182 	 628
187 	 628
372 	 628
374 	 628
429 	 628
513 	 628
107 	 629
205 	 629
283 	 629
291 	 629
530 	 629
595 	 629
107 	 630
205 	 630
283 	 630
291 	 630
530 	 630
595 	 630
18 	 631
198 	 631
201 	 631
348 	 631
415 	 631
427 	 631
496 	 631
659 	 631
18 	 632
198 	 632
201 	 632
348 	 632
415 	 632
427 	 632
496 	 632
659 	 632
31 	 633
293 	 633
319 	 633
325 	 633
365 	 633
420 	 633
452 	 633
31 	 634
293 	 634
319 	 634
325 	 634
365 	 634
420 	 634
452 	 634
53 	 635
69 	 635
237 	 635
264 	 635
331 	 635
400 	 635
427 	 635
437 	 635
680 	 635
53 	 636
69 	 636
237 	 636
264 	 636
331 	 636
400 	 636
427 	 636
437 	 636
680 	 636
75 	 637
112 	 637
217 	 637
372 	 637
456 	 637
574 	 637
75 	 638
112 	 638
217 	 638
372 	 638
456 	 638
574 	 638
71 	 639
150 	 639
540 	 639
541 	 639
542 	 639
583 	 639
655 	 639
670 	 639
697 	 639
71 	 640
150 	 640
540 	 640
541 	 640
542 	 640
583 	 640
655 	 640
670 	 640
697 	 640
118 	 641
164 	 641
189 	 641
328 	 641
371 	 641
509 	 641
118 	 642
164 	 642
189 	 642
328 	 642
371 	 642
509 	 642
32 	 643
145 	 643
169 	 643
399 	 643
32 	 644
145 	 644
169 	 644
399 	 644
105 	 645
203 	 645
445 	 645
600 	 645
634 	 645
635 	 645
638 	 645
639 	 645
105 	 646
203 	 646
445 	 646
600 	 646
634 	 646
635 	 646
638 	 646
639 	 646
294 	 647
378 	 647
472 	 647
641 	 647
294 	 648
378 	 648
472 	 648
641 	 648
180 	 649
333 	 649
335 	 649
365 	 649
367 	 649
369 	 649
389 	 649
419 	 649
531 	 649
563 	 649
180 	 650
333 	 650
335 	 650
365 	 650
367 	 650
369 	 650
389 	 650
419 	 650
531 	 650
563 	 650
30 	 651
82 	 651
258 	 651
267 	 651
297 	 651
298 	 651
299 	 651
300 	 651
301 	 651
302 	 651
303 	 651
419 	 651
421 	 651
503 	 651
547 	 651
597 	 651
604 	 651
30 	 652
82 	 652
258 	 652
267 	 652
297 	 652
298 	 652
299 	 652
300 	 652
301 	 652
302 	 652
303 	 652
419 	 652
421 	 652
503 	 652
547 	 652
597 	 652
604 	 652
34 	 653
35 	 653
275 	 653
302 	 653
318 	 653
370 	 653
580 	 653
616 	 653
661 	 653
34 	 654
35 	 654
275 	 654
302 	 654
318 	 654
370 	 654
580 	 654
616 	 654
661 	 654
44 	 655
46 	 655
47 	 655
48 	 655
49 	 655
50 	 655
55 	 655
56 	 655
57 	 655
58 	 655
59 	 655
60 	 655
61 	 655
62 	 655
63 	 655
64 	 655
65 	 655
68 	 655
69 	 655
70 	 655
71 	 655
73 	 655
127 	 655
175 	 655
176 	 655
178 	 655
206 	 655
215 	 655
219 	 655
295 	 655
296 	 655
380 	 655
415 	 655
416 	 655
532 	 655
535 	 655
536 	 655
655 	 655
656 	 655
697 	 655
44 	 656
46 	 656
47 	 656
48 	 656
49 	 656
50 	 656
55 	 656
56 	 656
57 	 656
58 	 656
59 	 656
60 	 656
61 	 656
62 	 656
63 	 656
64 	 656
65 	 656
68 	 656
69 	 656
70 	 656
71 	 656
73 	 656
127 	 656
175 	 656
176 	 656
178 	 656
206 	 656
215 	 656
219 	 656
295 	 656
296 	 656
380 	 656
415 	 656
416 	 656
532 	 656
535 	 656
536 	 656
655 	 656
656 	 656
697 	 656
15 	 657
17 	 657
18 	 657
19 	 657
20 	 657
93 	 657
102 	 657
211 	 657
427 	 657
504 	 657
513 	 657
15 	 658
17 	 658
18 	 658
19 	 658
20 	 658
93 	 658
102 	 658
211 	 658
427 	 658
504 	 658
513 	 658
58 	 659
116 	 659
117 	 659
120 	 659
121 	 659
495 	 659
553 	 659
605 	 659
58 	 660
116 	 660
117 	 660
120 	 660
121 	 660
495 	 660
553 	 660
605 	 660
52 	 661
85 	 661
119 	 661
171 	 661
284 	 661
353 	 661
391 	 661
525 	 661
637 	 661
638 	 661
52 	 662
85 	 662
119 	 662
171 	 662
284 	 662
353 	 662
391 	 662
525 	 662
637 	 662
638 	 662
17 	 663
97 	 663
108 	 663
161 	 663
247 	 663
310 	 663
331 	 663
434 	 663
523 	 663
618 	 663
708 	 663
17 	 664
97 	 664
108 	 664
161 	 664
247 	 664
310 	 664
331 	 664
434 	 664
523 	 664
618 	 664
708 	 664
13 	 665
490 	 665
503 	 665
524 	 665
531 	 665
532 	 665
663 	 665
13 	 666
490 	 666
503 	 666
524 	 666
531 	 666
532 	 666
663 	 666
61 	 667
161 	 667
176 	 667
268 	 667
412 	 667
488 	 667
553 	 667
61 	 668
161 	 668
176 	 668
268 	 668
412 	 668
488 	 668
553 	 668
128 	 669
182 	 669
283 	 669
335 	 669
384 	 669
542 	 669
128 	 670
182 	 670
283 	 670
335 	 670
384 	 670
542 	 670
69 	 671
71 	 671
72 	 671
73 	 671
74 	 671
143 	 671
364 	 671
605 	 671
609 	 671
611 	 671
612 	 671
613 	 671
665 	 671
69 	 672
71 	 672
72 	 672
73 	 672
74 	 672
143 	 672
364 	 672
605 	 672
609 	 672
611 	 672
612 	 672
613 	 672
665 	 672
104 	 673
260 	 673
294 	 673
359 	 673
448 	 673
558 	 673
572 	 673
619 	 673
104 	 674
260 	 674
294 	 674
359 	 674
448 	 674
558 	 674
572 	 674
619 	 674
106 	 675
117 	 675
154 	 675
214 	 675
398 	 675
416 	 675
417 	 675
432 	 675
562 	 675
106 	 676
117 	 676
154 	 676
214 	 676
398 	 676
416 	 676
417 	 676
432 	 676
562 	 676
33 	 677
35 	 677
36 	 677
37 	 677
38 	 677
130 	 677
224 	 677
370 	 677
707 	 677
708 	 677
33 	 678
35 	 678
36 	 678
37 	 678
38 	 678
130 	 678
224 	 678
370 	 678
707 	 678
708 	 678
13 	 679
34 	 679
74 	 679
89 	 679
13 	 680
34 	 680
74 	 680
89 	 680
303 	 681
304 	 681
451 	 681
696 	 681
700 	 681
303 	 682
304 	 682
451 	 682
696 	 682
700 	 682
17 	 683
68 	 683
296 	 683
417 	 683
17 	 684
68 	 684
296 	 684
417 	 684
267 	 685
328 	 685
397 	 685
571 	 685
267 	 686
328 	 686
397 	 686
571 	 686
13 	 687
433 	 687
453 	 687
642 	 687
686 	 687
693 	 687
701 	 687
704 	 687
13 	 688
433 	 688
453 	 688
642 	 688
686 	 688
693 	 688
701 	 688
704 	 688
432 	 689
591 	 689
669 	 689
432 	 690
591 	 690
669 	 690
128 	 691
243 	 691
278 	 691
292 	 691
334 	 691
390 	 691
438 	 691
471 	 691
660 	 691
128 	 692
243 	 692
278 	 692
292 	 692
334 	 692
390 	 692
438 	 692
471 	 692
660 	 692
23 	 693
212 	 693
288 	 693
318 	 693
356 	 693
357 	 693
23 	 694
212 	 694
288 	 694
318 	 694
356 	 694
357 	 694
50 	 695
183 	 695
252 	 695
386 	 695
689 	 695
50 	 696
183 	 696
252 	 696
386 	 696
689 	 696
180 	 697
324 	 697
399 	 697
461 	 697
180 	 698
324 	 698
399 	 698
461 	 698
20 	 699
201 	 699
247 	 699
271 	 699
307 	 699
360 	 699
361 	 699
363 	 699
366 	 699
433 	 699
478 	 699
496 	 699
699 	 699
20 	 700
201 	 700
247 	 700
271 	 700
307 	 700
360 	 700
361 	 700
363 	 700
366 	 700
433 	 700
478 	 700
496 	 700
699 	 700
8 	 701
154 	 701
325 	 701
361 	 701
442 	 701
487 	 701
509 	 701
676 	 701
677 	 701
679 	 701
680 	 701
8 	 702
154 	 702
325 	 702
361 	 702
442 	 702
487 	 702
509 	 702
676 	 702
677 	 702
679 	 702
680 	 702
87 	 703
238 	 703
296 	 703
297 	 703
298 	 703
437 	 703
469 	 703
87 	 704
238 	 704
296 	 704
297 	 704
298 	 704
437 	 704
469 	 704
144 	 705
393 	 705
408 	 705
633 	 705
673 	 705
144 	 706
393 	 706
408 	 706
633 	 706
673 	 706
0 	 707
1 	 707
2 	 707
3 	 707
4 	 707
139 	 707
169 	 707
235 	 707
236 	 707
237 	 707
238 	 707
239 	 707
270 	 707
472 	 707
473 	 707
474 	 707
475 	 707
476 	 707
549 	 707
697 	 707
707 	 707
708 	 707
709 	 707
710 	 707
711 	 707
4 	 708
139 	 708
169 	 708
235 	 708
236 	 708
237 	 708
238 	 708
239 	 708
270 	 708
472 	 708
473 	 708
474 	 708
475 	 708
476 	 708
549 	 708
697 	 708
707 	 708
4 	 709
22 	 709
24 	 709
25 	 709
26 	 709
27 	 709
49 	 709
235 	 709
237 	 709
239 	 709
325 	 709
472 	 709
474 	 709
476 	 709
679 	 709
680 	 709
681 	 709
682 	 709
683 	 709
684 	 709
685 	 709
686 	 709
687 	 709
688 	 709
689 	 709
690 	 709
691 	 709
692 	 709
693 	 709
694 	 709
695 	 709
696 	 709
697 	 709
698 	 709
699 	 709
700 	 709
701 	 709
702 	 709
703 	 709
704 	 709
705 	 709
706 	 709
707 	 709
4 	 710
22 	 710
24 	 710
25 	 710
26 	 710
27 	 710
49 	 710
235 	 710
237 	 710
239 	 710
325 	 710
472 	 710
474 	 710
476 	 710
679 	 710
680 	 710
681 	 710
682 	 710
683 	 710
684 	 710
685 	 710
686 	 710
687 	 710
688 	 710
689 	 710
690 	 710
691 	 710
692 	 710
693 	 710
694 	 710
695 	 710
696 	 710
697 	 710
698 	 710
699 	 710
700 	 710
701 	 710
702 	 710
703 	 710
704 	 710
705 	 710
706 	 710
707 	 710
4 	 711
235 	 711
237 	 711
239 	 711
472 	 711
474 	 711
476 	 711
707 	 711
