4 	 0
211 	 0
213 	 0
215 	 0
424 	 0
426 	 0
428 	 0
635 	 0
4 	 1
61 	 1
67 	 1
73 	 1
79 	 1
85 	 1
91 	 1
97 	 1
103 	 1
109 	 1
110 	 1
115 	 1
121 	 1
127 	 1
128 	 1
133 	 1
139 	 1
145 	 1
151 	 1
157 	 1
158 	 1
211 	 1
213 	 1
215 	 1
424 	 1
426 	 1
428 	 1
635 	 1
4 	 2
61 	 2
67 	 2
73 	 2
79 	 2
85 	 2
91 	 2
97 	 2
103 	 2
109 	 2
110 	 2
115 	 2
121 	 2
127 	 2
128 	 2
133 	 2
139 	 2
145 	 2
151 	 2
157 	 2
158 	 2
211 	 2
213 	 2
215 	 2
424 	 2
426 	 2
428 	 2
635 	 2
4 	 3
61 	 3
67 	 3
73 	 3
79 	 3
85 	 3
91 	 3
97 	 3
103 	 3
109 	 3
110 	 3
115 	 3
121 	 3
127 	 3
128 	 3
133 	 3
139 	 3
145 	 3
151 	 3
157 	 3
158 	 3
211 	 3
212 	 3
213 	 3
214 	 3
215 	 3
424 	 3
425 	 3
426 	 3
427 	 3
428 	 3
635 	 3
0 	 4
1 	 4
2 	 4
3 	 4
4 	 4
61 	 4
67 	 4
73 	 4
79 	 4
85 	 4
91 	 4
97 	 4
103 	 4
109 	 4
110 	 4
115 	 4
121 	 4
127 	 4
128 	 4
133 	 4
139 	 4
145 	 4
151 	 4
157 	 4
158 	 4
211 	 4
212 	 4
213 	 4
214 	 4
215 	 4
424 	 4
425 	 4
426 	 4
427 	 4
428 	 4
635 	 4
636 	 4
637 	 4
638 	 4
639 	 4
61 	 5
67 	 5
73 	 5
79 	 5
85 	 5
91 	 5
97 	 5
103 	 5
109 	 5
110 	 5
115 	 5
121 	 5
127 	 5
128 	 5
133 	 5
139 	 5
145 	 5
151 	 5
157 	 5
158 	 5
61 	 6
67 	 6
73 	 6
79 	 6
85 	 6
91 	 6
97 	 6
103 	 6
109 	 6
110 	 6
115 	 6
121 	 6
127 	 6
128 	 6
133 	 6
139 	 6
145 	 6
151 	 6
157 	 6
158 	 6
61 	 7
67 	 7
73 	 7
79 	 7
85 	 7
91 	 7
97 	 7
103 	 7
109 	 7
110 	 7
115 	 7
121 	 7
127 	 7
128 	 7
133 	 7
139 	 7
145 	 7
151 	 7
157 	 7
158 	 7
61 	 8
62 	 8
63 	 8
64 	 8
65 	 8
66 	 8
67 	 8
68 	 8
69 	 8
70 	 8
71 	 8
72 	 8
73 	 8
74 	 8
75 	 8
76 	 8
77 	 8
78 	 8
79 	 8
80 	 8
81 	 8
82 	 8
83 	 8
84 	 8
85 	 8
86 	 8
87 	 8
88 	 8
89 	 8
90 	 8
91 	 8
92 	 8
93 	 8
94 	 8
95 	 8
96 	 8
97 	 8
98 	 8
99 	 8
100 	 8
101 	 8
102 	 8
103 	 8
104 	 8
105 	 8
106 	 8
107 	 8
108 	 8
109 	 8
110 	 8
115 	 8
116 	 8
117 	 8
118 	 8
119 	 8
120 	 8
121 	 8
122 	 8
123 	 8
124 	 8
125 	 8
126 	 8
127 	 8
128 	 8
133 	 8
134 	 8
135 	 8
136 	 8
137 	 8
138 	 8
139 	 8
140 	 8
141 	 8
142 	 8
143 	 8
144 	 8
145 	 8
146 	 8
147 	 8
148 	 8
149 	 8
150 	 8
151 	 8
152 	 8
153 	 8
154 	 8
155 	 8
156 	 8
157 	 8
158 	 8
1 	 11
2 	 11
3 	 11
4 	 11
5 	 11
6 	 11
7 	 11
8 	 11
9 	 11
10 	 11
11 	 11
12 	 11
13 	 11
14 	 11
15 	 11
16 	 11
17 	 11
18 	 11
19 	 11
20 	 11
21 	 11
22 	 11
23 	 11
24 	 11
25 	 11
26 	 11
27 	 11
28 	 11
29 	 11
30 	 11
31 	 11
32 	 11
33 	 11
34 	 11
35 	 11
36 	 11
37 	 11
38 	 11
39 	 11
40 	 11
41 	 11
42 	 11
43 	 11
44 	 11
45 	 11
46 	 11
47 	 11
48 	 11
49 	 11
50 	 11
51 	 11
52 	 11
53 	 11
54 	 11
55 	 11
56 	 11
57 	 11
58 	 11
59 	 11
60 	 11
61 	 11
62 	 11
63 	 11
64 	 11
65 	 11
66 	 11
67 	 11
68 	 11
69 	 11
70 	 11
71 	 11
72 	 11
73 	 11
74 	 11
75 	 11
76 	 11
77 	 11
78 	 11
79 	 11
80 	 11
81 	 11
82 	 11
83 	 11
84 	 11
85 	 11
86 	 11
87 	 11
88 	 11
89 	 11
90 	 11
91 	 11
92 	 11
93 	 11
94 	 11
95 	 11
96 	 11
97 	 11
98 	 11
99 	 11
100 	 11
101 	 11
102 	 11
103 	 11
104 	 11
105 	 11
106 	 11
107 	 11
108 	 11
109 	 11
110 	 11
111 	 11
112 	 11
113 	 11
114 	 11
115 	 11
116 	 11
117 	 11
118 	 11
119 	 11
120 	 11
121 	 11
122 	 11
123 	 11
124 	 11
125 	 11
126 	 11
127 	 11
128 	 11
129 	 11
130 	 11
131 	 11
132 	 11
133 	 11
134 	 11
135 	 11
136 	 11
137 	 11
138 	 11
139 	 11
140 	 11
141 	 11
142 	 11
143 	 11
144 	 11
145 	 11
146 	 11
147 	 11
148 	 11
149 	 11
150 	 11
151 	 11
152 	 11
153 	 11
154 	 11
155 	 11
156 	 11
157 	 11
158 	 11
159 	 11
160 	 11
161 	 11
162 	 11
163 	 11
164 	 11
165 	 11
166 	 11
167 	 11
168 	 11
169 	 11
170 	 11
171 	 11
172 	 11
173 	 11
174 	 11
175 	 11
176 	 11
177 	 11
178 	 11
179 	 11
180 	 11
181 	 11
182 	 11
183 	 11
184 	 11
185 	 11
186 	 11
187 	 11
188 	 11
189 	 11
190 	 11
191 	 11
192 	 11
193 	 11
194 	 11
195 	 11
196 	 11
197 	 11
198 	 11
199 	 11
200 	 11
201 	 11
202 	 11
203 	 11
204 	 11
205 	 11
206 	 11
207 	 11
208 	 11
209 	 11
210 	 11
211 	 11
212 	 11
213 	 11
214 	 11
215 	 11
216 	 11
217 	 11
218 	 11
219 	 11
220 	 11
221 	 11
222 	 11
223 	 11
224 	 11
225 	 11
226 	 11
227 	 11
228 	 11
229 	 11
230 	 11
231 	 11
232 	 11
233 	 11
234 	 11
235 	 11
236 	 11
237 	 11
238 	 11
239 	 11
240 	 11
241 	 11
242 	 11
243 	 11
244 	 11
245 	 11
246 	 11
247 	 11
248 	 11
249 	 11
250 	 11
251 	 11
252 	 11
253 	 11
254 	 11
255 	 11
256 	 11
257 	 11
258 	 11
259 	 11
260 	 11
261 	 11
262 	 11
263 	 11
264 	 11
265 	 11
266 	 11
267 	 11
268 	 11
269 	 11
270 	 11
271 	 11
272 	 11
273 	 11
274 	 11
275 	 11
276 	 11
277 	 11
278 	 11
279 	 11
280 	 11
281 	 11
282 	 11
283 	 11
284 	 11
285 	 11
286 	 11
287 	 11
288 	 11
289 	 11
290 	 11
291 	 11
292 	 11
293 	 11
294 	 11
295 	 11
296 	 11
297 	 11
298 	 11
299 	 11
300 	 11
301 	 11
302 	 11
303 	 11
304 	 11
305 	 11
306 	 11
307 	 11
308 	 11
309 	 11
310 	 11
311 	 11
312 	 11
313 	 11
314 	 11
315 	 11
316 	 11
317 	 11
318 	 11
319 	 11
320 	 11
321 	 11
322 	 11
323 	 11
324 	 11
325 	 11
326 	 11
327 	 11
328 	 11
329 	 11
330 	 11
331 	 11
332 	 11
333 	 11
334 	 11
335 	 11
336 	 11
337 	 11
338 	 11
339 	 11
340 	 11
341 	 11
342 	 11
343 	 11
344 	 11
345 	 11
346 	 11
347 	 11
348 	 11
349 	 11
350 	 11
351 	 11
352 	 11
353 	 11
354 	 11
355 	 11
356 	 11
357 	 11
358 	 11
359 	 11
360 	 11
361 	 11
362 	 11
363 	 11
364 	 11
365 	 11
366 	 11
367 	 11
368 	 11
369 	 11
370 	 11
371 	 11
372 	 11
373 	 11
374 	 11
375 	 11
376 	 11
377 	 11
378 	 11
379 	 11
380 	 11
381 	 11
382 	 11
383 	 11
384 	 11
385 	 11
386 	 11
387 	 11
388 	 11
389 	 11
390 	 11
391 	 11
392 	 11
393 	 11
394 	 11
395 	 11
396 	 11
397 	 11
398 	 11
399 	 11
400 	 11
401 	 11
402 	 11
403 	 11
404 	 11
405 	 11
406 	 11
407 	 11
408 	 11
409 	 11
410 	 11
411 	 11
412 	 11
413 	 11
414 	 11
415 	 11
416 	 11
417 	 11
418 	 11
419 	 11
420 	 11
421 	 11
422 	 11
423 	 11
424 	 11
425 	 11
426 	 11
427 	 11
428 	 11
429 	 11
430 	 11
431 	 11
432 	 11
433 	 11
434 	 11
435 	 11
436 	 11
437 	 11
438 	 11
439 	 11
440 	 11
441 	 11
442 	 11
443 	 11
444 	 11
445 	 11
446 	 11
447 	 11
448 	 11
449 	 11
450 	 11
451 	 11
452 	 11
453 	 11
454 	 11
455 	 11
456 	 11
457 	 11
458 	 11
459 	 11
460 	 11
461 	 11
462 	 11
463 	 11
464 	 11
465 	 11
466 	 11
467 	 11
468 	 11
469 	 11
470 	 11
471 	 11
472 	 11
473 	 11
474 	 11
475 	 11
476 	 11
477 	 11
478 	 11
479 	 11
480 	 11
481 	 11
482 	 11
483 	 11
484 	 11
485 	 11
486 	 11
487 	 11
488 	 11
489 	 11
490 	 11
491 	 11
492 	 11
493 	 11
494 	 11
495 	 11
496 	 11
497 	 11
498 	 11
499 	 11
500 	 11
501 	 11
502 	 11
503 	 11
504 	 11
505 	 11
506 	 11
507 	 11
508 	 11
509 	 11
510 	 11
511 	 11
512 	 11
513 	 11
514 	 11
515 	 11
516 	 11
517 	 11
518 	 11
519 	 11
520 	 11
521 	 11
522 	 11
523 	 11
524 	 11
525 	 11
526 	 11
527 	 11
528 	 11
529 	 11
530 	 11
531 	 11
532 	 11
533 	 11
534 	 11
535 	 11
536 	 11
537 	 11
538 	 11
539 	 11
540 	 11
541 	 11
542 	 11
543 	 11
544 	 11
545 	 11
546 	 11
547 	 11
548 	 11
549 	 11
550 	 11
551 	 11
552 	 11
553 	 11
554 	 11
555 	 11
556 	 11
557 	 11
558 	 11
559 	 11
560 	 11
561 	 11
562 	 11
563 	 11
564 	 11
565 	 11
566 	 11
567 	 11
568 	 11
569 	 11
570 	 11
571 	 11
572 	 11
573 	 11
574 	 11
575 	 11
576 	 11
577 	 11
578 	 11
579 	 11
580 	 11
581 	 11
582 	 11
583 	 11
584 	 11
585 	 11
586 	 11
587 	 11
588 	 11
589 	 11
590 	 11
591 	 11
592 	 11
593 	 11
594 	 11
595 	 11
596 	 11
597 	 11
598 	 11
599 	 11
600 	 11
601 	 11
602 	 11
603 	 11
604 	 11
605 	 11
606 	 11
607 	 11
608 	 11
609 	 11
610 	 11
611 	 11
612 	 11
613 	 11
614 	 11
615 	 11
616 	 11
617 	 11
618 	 11
619 	 11
620 	 11
621 	 11
622 	 11
623 	 11
624 	 11
625 	 11
626 	 11
627 	 11
628 	 11
629 	 11
630 	 11
631 	 11
632 	 11
633 	 11
634 	 11
635 	 11
636 	 11
637 	 11
638 	 11
183 	 14
184 	 14
185 	 14
186 	 14
187 	 14
188 	 14
189 	 14
190 	 14
191 	 14
192 	 14
193 	 14
194 	 14
195 	 14
196 	 14
197 	 14
198 	 14
199 	 14
200 	 14
201 	 14
202 	 14
203 	 14
204 	 14
205 	 14
206 	 14
207 	 14
208 	 14
209 	 14
210 	 14
211 	 14
212 	 14
213 	 14
214 	 14
215 	 14
216 	 14
217 	 14
218 	 14
219 	 14
220 	 14
221 	 14
222 	 14
223 	 14
224 	 14
225 	 14
226 	 14
227 	 14
228 	 14
229 	 14
230 	 14
231 	 14
232 	 14
233 	 14
234 	 14
235 	 14
236 	 14
237 	 14
238 	 14
239 	 14
240 	 14
241 	 14
242 	 14
243 	 14
244 	 14
245 	 14
246 	 14
247 	 14
248 	 14
249 	 14
250 	 14
251 	 14
252 	 14
253 	 14
254 	 14
255 	 14
256 	 14
257 	 14
258 	 14
259 	 14
260 	 14
261 	 14
262 	 14
263 	 14
264 	 14
265 	 14
266 	 14
267 	 14
268 	 14
269 	 14
270 	 14
271 	 14
272 	 14
273 	 14
274 	 14
275 	 14
276 	 14
277 	 14
278 	 14
279 	 14
280 	 14
281 	 14
282 	 14
283 	 14
284 	 14
285 	 14
286 	 14
287 	 14
288 	 14
289 	 14
290 	 14
291 	 14
292 	 14
293 	 14
294 	 14
295 	 14
296 	 14
297 	 14
298 	 14
299 	 14
300 	 14
301 	 14
302 	 14
303 	 14
304 	 14
305 	 14
306 	 14
307 	 14
308 	 14
309 	 14
310 	 14
311 	 14
312 	 14
313 	 14
314 	 14
315 	 14
316 	 14
317 	 14
318 	 14
319 	 14
320 	 14
321 	 14
322 	 14
323 	 14
324 	 14
325 	 14
326 	 14
327 	 14
328 	 14
329 	 14
330 	 14
331 	 14
332 	 14
333 	 14
334 	 14
335 	 14
336 	 14
337 	 14
338 	 14
339 	 14
340 	 14
341 	 14
342 	 14
343 	 14
344 	 14
345 	 14
346 	 14
347 	 14
348 	 14
349 	 14
350 	 14
351 	 14
352 	 14
353 	 14
354 	 14
355 	 14
356 	 14
357 	 14
358 	 14
359 	 14
360 	 14
361 	 14
362 	 14
363 	 14
364 	 14
365 	 14
366 	 14
367 	 14
368 	 14
369 	 14
370 	 14
371 	 14
372 	 14
373 	 14
374 	 14
375 	 14
376 	 14
377 	 14
378 	 14
379 	 14
380 	 14
381 	 14
382 	 14
383 	 14
384 	 14
385 	 14
386 	 14
387 	 14
388 	 14
389 	 14
390 	 14
391 	 14
392 	 14
393 	 14
394 	 14
395 	 14
396 	 14
397 	 14
398 	 14
399 	 14
400 	 14
401 	 14
402 	 14
403 	 14
404 	 14
405 	 14
406 	 14
407 	 14
408 	 14
409 	 14
410 	 14
411 	 14
412 	 14
413 	 14
414 	 14
415 	 14
416 	 14
417 	 14
418 	 14
419 	 14
420 	 14
421 	 14
422 	 14
423 	 14
424 	 14
425 	 14
426 	 14
427 	 14
428 	 14
429 	 14
430 	 14
431 	 14
432 	 14
433 	 14
434 	 14
435 	 14
436 	 14
437 	 14
438 	 14
439 	 14
440 	 14
441 	 14
442 	 14
443 	 14
444 	 14
445 	 14
446 	 14
447 	 14
448 	 14
449 	 14
450 	 14
451 	 14
452 	 14
453 	 14
454 	 14
455 	 14
456 	 14
457 	 14
458 	 14
459 	 14
460 	 14
461 	 14
462 	 14
463 	 14
464 	 14
465 	 14
466 	 14
467 	 14
468 	 14
469 	 14
470 	 14
471 	 14
472 	 14
473 	 14
474 	 14
475 	 14
476 	 14
477 	 14
478 	 14
479 	 14
480 	 14
481 	 14
482 	 14
483 	 14
484 	 14
485 	 14
486 	 14
487 	 14
488 	 14
489 	 14
490 	 14
491 	 14
492 	 14
493 	 14
494 	 14
495 	 14
496 	 14
497 	 14
498 	 14
499 	 14
500 	 14
501 	 14
502 	 14
503 	 14
504 	 14
505 	 14
506 	 14
507 	 14
508 	 14
509 	 14
510 	 14
511 	 14
512 	 14
513 	 14
514 	 14
515 	 14
516 	 14
517 	 14
518 	 14
519 	 14
520 	 14
521 	 14
522 	 14
523 	 14
524 	 14
525 	 14
526 	 14
527 	 14
528 	 14
529 	 14
530 	 14
531 	 14
532 	 14
533 	 14
534 	 14
535 	 14
536 	 14
537 	 14
538 	 14
539 	 14
540 	 14
541 	 14
542 	 14
543 	 14
544 	 14
545 	 14
546 	 14
547 	 14
548 	 14
549 	 14
550 	 14
551 	 14
552 	 14
553 	 14
554 	 14
555 	 14
556 	 14
557 	 14
558 	 14
559 	 14
560 	 14
561 	 14
562 	 14
563 	 14
564 	 14
565 	 14
566 	 14
567 	 14
568 	 14
569 	 14
570 	 14
571 	 14
572 	 14
573 	 14
574 	 14
575 	 14
576 	 14
577 	 14
578 	 14
579 	 14
580 	 14
581 	 14
582 	 14
583 	 14
584 	 14
585 	 14
586 	 14
587 	 14
588 	 14
589 	 14
590 	 14
591 	 14
592 	 14
593 	 14
594 	 14
595 	 14
596 	 14
597 	 14
598 	 14
599 	 14
600 	 14
601 	 14
602 	 14
603 	 14
604 	 14
605 	 14
606 	 14
607 	 14
608 	 14
609 	 14
610 	 14
611 	 14
612 	 14
613 	 14
614 	 14
615 	 14
616 	 14
617 	 14
618 	 14
619 	 14
620 	 14
621 	 14
622 	 14
623 	 14
624 	 14
625 	 14
626 	 14
627 	 14
628 	 14
629 	 14
630 	 14
631 	 14
632 	 14
633 	 14
634 	 14
635 	 14
636 	 14
637 	 14
638 	 14
1 	 16
2 	 16
3 	 16
4 	 16
5 	 16
6 	 16
7 	 16
8 	 16
9 	 16
10 	 16
11 	 16
12 	 16
13 	 16
14 	 16
15 	 16
16 	 16
17 	 16
18 	 16
19 	 16
20 	 16
21 	 16
22 	 16
23 	 16
24 	 16
25 	 16
26 	 16
27 	 16
28 	 16
29 	 16
30 	 16
31 	 16
32 	 16
33 	 16
34 	 16
35 	 16
36 	 16
37 	 16
38 	 16
39 	 16
40 	 16
41 	 16
42 	 16
43 	 16
44 	 16
45 	 16
46 	 16
47 	 16
48 	 16
49 	 16
50 	 16
51 	 16
52 	 16
53 	 16
54 	 16
55 	 16
56 	 16
57 	 16
58 	 16
59 	 16
60 	 16
61 	 16
62 	 16
63 	 16
64 	 16
65 	 16
66 	 16
67 	 16
68 	 16
69 	 16
70 	 16
71 	 16
72 	 16
73 	 16
74 	 16
75 	 16
76 	 16
77 	 16
78 	 16
79 	 16
80 	 16
81 	 16
82 	 16
83 	 16
84 	 16
85 	 16
86 	 16
87 	 16
88 	 16
89 	 16
90 	 16
91 	 16
92 	 16
93 	 16
94 	 16
95 	 16
96 	 16
97 	 16
98 	 16
99 	 16
100 	 16
101 	 16
102 	 16
103 	 16
104 	 16
105 	 16
106 	 16
107 	 16
108 	 16
109 	 16
110 	 16
111 	 16
112 	 16
113 	 16
114 	 16
115 	 16
116 	 16
117 	 16
118 	 16
119 	 16
120 	 16
121 	 16
122 	 16
123 	 16
124 	 16
125 	 16
126 	 16
127 	 16
128 	 16
129 	 16
130 	 16
131 	 16
132 	 16
133 	 16
134 	 16
135 	 16
136 	 16
137 	 16
138 	 16
139 	 16
140 	 16
141 	 16
142 	 16
143 	 16
144 	 16
145 	 16
146 	 16
147 	 16
148 	 16
149 	 16
150 	 16
151 	 16
152 	 16
153 	 16
154 	 16
155 	 16
156 	 16
157 	 16
158 	 16
159 	 16
160 	 16
161 	 16
162 	 16
163 	 16
164 	 16
165 	 16
166 	 16
167 	 16
168 	 16
169 	 16
170 	 16
171 	 16
172 	 16
173 	 16
174 	 16
175 	 16
176 	 16
177 	 16
178 	 16
179 	 16
180 	 16
181 	 16
182 	 16
334 	 27
334 	 28
340 	 43
340 	 44
49 	 49
50 	 49
157 	 49
158 	 49
265 	 49
266 	 49
373 	 49
374 	 49
481 	 49
482 	 49
589 	 49
590 	 49
49 	 50
50 	 50
157 	 50
158 	 50
265 	 50
266 	 50
373 	 50
374 	 50
481 	 50
482 	 50
589 	 50
590 	 50
259 	 53
259 	 54
508 	 73
508 	 74
106 	 75
112 	 75
118 	 75
124 	 75
130 	 75
136 	 75
142 	 75
148 	 75
154 	 75
160 	 75
166 	 75
106 	 76
112 	 76
118 	 76
124 	 76
130 	 76
136 	 76
142 	 76
148 	 76
154 	 76
160 	 76
166 	 76
106 	 77
112 	 77
118 	 77
124 	 77
130 	 77
136 	 77
142 	 77
148 	 77
154 	 77
160 	 77
166 	 77
106 	 78
112 	 78
118 	 78
124 	 78
130 	 78
136 	 78
142 	 78
148 	 78
154 	 78
160 	 78
166 	 78
106 	 79
112 	 79
118 	 79
124 	 79
130 	 79
136 	 79
142 	 79
148 	 79
154 	 79
160 	 79
166 	 79
106 	 80
112 	 80
118 	 80
124 	 80
130 	 80
136 	 80
142 	 80
148 	 80
154 	 80
160 	 80
166 	 80
106 	 81
112 	 81
118 	 81
124 	 81
130 	 81
136 	 81
142 	 81
148 	 81
154 	 81
160 	 81
166 	 81
106 	 82
112 	 82
118 	 82
124 	 82
130 	 82
136 	 82
142 	 82
148 	 82
154 	 82
160 	 82
166 	 82
106 	 83
112 	 83
118 	 83
124 	 83
130 	 83
136 	 83
142 	 83
148 	 83
154 	 83
160 	 83
166 	 83
106 	 84
112 	 84
118 	 84
124 	 84
130 	 84
136 	 84
142 	 84
148 	 84
154 	 84
160 	 84
166 	 84
279 	 89
290 	 89
279 	 90
290 	 90
561 	 91
563 	 91
561 	 92
563 	 92
443 	 95
444 	 95
443 	 96
444 	 96
460 	 111
462 	 111
460 	 112
462 	 112
49 	 157
50 	 157
157 	 157
158 	 157
265 	 157
266 	 157
373 	 157
374 	 157
481 	 157
482 	 157
589 	 157
590 	 157
49 	 158
50 	 158
157 	 158
158 	 158
265 	 158
266 	 158
373 	 158
374 	 158
481 	 158
482 	 158
589 	 158
590 	 158
388 	 159
389 	 159
388 	 160
389 	 160
91 	 165
91 	 166
192 	 179
192 	 180
306 	 193
307 	 193
306 	 194
307 	 194
0 	 205
1 	 205
638 	 205
639 	 205
1 	 206
638 	 206
1 	 207
638 	 207
1 	 208
638 	 208
1 	 209
638 	 209
1 	 210
638 	 210
1 	 211
244 	 211
245 	 211
638 	 211
1 	 212
244 	 212
245 	 212
638 	 212
0 	 213
1 	 213
281 	 213
638 	 213
639 	 213
1 	 214
281 	 214
638 	 214
175 	 227
175 	 228
440 	 241
440 	 242
49 	 265
50 	 265
157 	 265
158 	 265
265 	 265
266 	 265
373 	 265
374 	 265
481 	 265
482 	 265
589 	 265
590 	 265
49 	 266
50 	 266
157 	 266
158 	 266
265 	 266
266 	 266
373 	 266
374 	 266
481 	 266
482 	 266
589 	 266
590 	 266
270 	 267
268 	 269
269 	 269
271 	 269
272 	 269
525 	 269
528 	 269
525 	 270
528 	 270
526 	 301
527 	 301
526 	 302
527 	 302
84 	 313
84 	 314
133 	 325
133 	 326
49 	 373
50 	 373
157 	 373
158 	 373
174 	 373
265 	 373
266 	 373
373 	 373
374 	 373
481 	 373
482 	 373
589 	 373
590 	 373
49 	 374
50 	 374
157 	 374
158 	 374
174 	 374
265 	 374
266 	 374
373 	 374
374 	 374
481 	 374
482 	 374
589 	 374
590 	 374
411 	 401
413 	 401
411 	 402
413 	 402
1 	 419
638 	 419
0 	 420
1 	 420
638 	 420
639 	 420
1 	 421
638 	 421
1 	 422
638 	 422
1 	 423
638 	 423
1 	 424
638 	 424
1 	 425
638 	 425
1 	 426
638 	 426
1 	 427
638 	 427
0 	 428
1 	 428
638 	 428
639 	 428
611 	 431
611 	 432
212 	 433
212 	 434
114 	 447
114 	 448
286 	 449
287 	 449
286 	 450
287 	 450
3 	 463
4 	 463
3 	 464
4 	 464
620 	 473
620 	 474
49 	 481
50 	 481
157 	 481
158 	 481
265 	 481
266 	 481
373 	 481
374 	 481
481 	 481
482 	 481
589 	 481
590 	 481
49 	 482
50 	 482
157 	 482
158 	 482
265 	 482
266 	 482
373 	 482
374 	 482
481 	 482
482 	 482
589 	 482
590 	 482
284 	 485
284 	 486
140 	 503
140 	 504
549 	 507
549 	 508
199 	 517
199 	 518
539 	 529
540 	 529
539 	 530
540 	 530
362 	 531
362 	 532
361 	 533
361 	 534
30 	 543
30 	 544
311 	 545
311 	 546
336 	 577
336 	 578
29 	 585
29 	 586
29 	 587
29 	 588
49 	 589
50 	 589
157 	 589
158 	 589
265 	 589
266 	 589
373 	 589
374 	 589
481 	 589
482 	 589
589 	 589
590 	 589
49 	 590
50 	 590
157 	 590
158 	 590
265 	 590
266 	 590
373 	 590
374 	 590
481 	 590
482 	 590
589 	 590
590 	 590
582 	 617
583 	 617
582 	 618
583 	 618
0 	 635
1 	 635
2 	 635
3 	 635
4 	 635
211 	 635
212 	 635
213 	 635
214 	 635
215 	 635
424 	 635
425 	 635
426 	 635
427 	 635
428 	 635
635 	 635
636 	 635
637 	 635
638 	 635
639 	 635
4 	 636
211 	 636
212 	 636
213 	 636
214 	 636
215 	 636
424 	 636
425 	 636
426 	 636
427 	 636
428 	 636
635 	 636
4 	 637
211 	 637
213 	 637
215 	 637
424 	 637
426 	 637
428 	 637
620 	 637
621 	 637
622 	 637
623 	 637
624 	 637
625 	 637
626 	 637
627 	 637
628 	 637
629 	 637
630 	 637
631 	 637
632 	 637
633 	 637
634 	 637
635 	 637
4 	 638
211 	 638
213 	 638
215 	 638
424 	 638
426 	 638
428 	 638
620 	 638
621 	 638
622 	 638
623 	 638
624 	 638
625 	 638
626 	 638
627 	 638
628 	 638
629 	 638
630 	 638
631 	 638
632 	 638
633 	 638
634 	 638
635 	 638
4 	 639
211 	 639
213 	 639
215 	 639
424 	 639
426 	 639
428 	 639
635 	 639
